"Chromosome"	"Start"	"End"	"Type"	"Length"	"Intensity"
20	501	59901	"del"	59400	0.479063719115735
20	162301	162401	"del"	100	2.11754982588176
20	175401	175501	"del"	100	2.74584521005759
20	201901	202201	"del"	300	2.47493882978784
20	205001	205101	"del"	100	2.12736327172397
20	228701	229001	"del"	300	2.27871699947
20	236301	236401	"del"	100	1.81414827891396
20	259601	260001	"del"	400	0.0408378063010502
20	278001	278701	"del"	700	2.33253260869565
20	304801	305401	"del"	600	2.73896842587391
20	305901	307901	"del"	2000	2.20260317460317
20	327501	328801	"del"	1300	1.61746761995375
20	361201	362601	"del"	1400	1.85756071805702
20	399901	400001	"del"	100	2.15049131258567
20	400001	400401	"del"	400	2.55327419823776
20	401101	401601	"del"	500	2.79416569428238
20	442601	443201	"del"	600	1.8638105489774
20	499401	499601	"del"	200	2.73269245205467
20	500301	500601	"del"	300	2.16916416962867
20	523901	524301	"del"	400	1.65057264050901
20	528701	528801	"del"	100	2.5361212881701
20	537501	537701	"del"	200	1.85053066490427
20	551301	551501	"del"	200	2.02529941438833
20	552401	552701	"del"	300	1.45425783641434
20	573601	573801	"del"	200	2.58337866641765
20	574801	575201	"del"	400	2.62607640226812
20	576501	576701	"del"	200	2.29852707912553
20	595101	595201	"del"	100	2.31843817611971
20	633601	634101	"del"	500	2.79872844827586
20	690501	691301	"del"	800	1.73754634678299
20	708101	709101	"del"	1000	2.33671974522293
20	741601	742101	"del"	500	2.57287605797323
20	786001	786501	"del"	500	2.40756168916595
20	789101	789201	"del"	100	1.57712403951701
20	791801	792201	"del"	400	2.54588227100555
20	814201	814601	"del"	400	1.4131746031746
20	816801	816901	"del"	100	2.2040434092244
20	821701	822201	"del"	500	2.18812095032397
20	822701	822901	"del"	200	2.02076682410888
20	825301	826101	"del"	800	2.05341536665378
20	853801	853901	"del"	100	2.67166656247941
20	865801	865901	"del"	100	2.3306212302495
20	940901	941001	"del"	100	1.90982954964326
20	972101	972201	"del"	100	2.07775376798389
20	982601	983301	"del"	700	2.43518644067797
20	1059901	1060001	"del"	100	2.47301343580002
20	1099101	1099401	"del"	300	1.71158708826906
20	1155301	1155401	"del"	100	2.7030191721763
20	1206201	1207001	"del"	800	1.63062295081967
20	1282801	1282901	"del"	100	0.0294877267876201
20	1293801	1294001	"del"	200	0.583111451368686
20	1325101	1325301	"del"	200	1.95292984835203
20	1350001	1350301	"del"	300	2.40055271688012
20	1554901	1555001	"del"	100	2.73147908913093
20	1562901	1563101	"del"	200	2.74376769311342
20	1575001	1575201	"del"	200	2.00578025978206
20	1580301	1580601	"del"	300	2.17842375627934
20	1629301	1629401	"del"	100	2.62634834388048
20	1630601	1630701	"del"	100	0.835220588235294
20	1716401	1716501	"del"	100	1.23660761693833
20	1724301	1724401	"del"	100	2.39649428034519
20	1725401	1725601	"del"	200	1.68810801125702
20	1746501	1746901	"del"	400	2.60604501607717
20	1795501	1795701	"del"	200	2.46432198768278
20	1830401	1830701	"del"	300	1.23641873429436
20	1857501	1857701	"del"	200	2.71126453748535
20	1874501	1876101	"del"	1600	2.4852380952381
20	1918401	1918601	"del"	200	2.6794518525158
20	1928001	1928201	"del"	200	1.38729947863253
20	2058201	2058401	"del"	200	2.78968733452249
20	2082501	2082801	"del"	300	2.20767687434002
20	2083201	2083701	"del"	500	2.42051254089422
20	2165601	2165801	"del"	200	1.68679878388156
20	2187701	2188501	"del"	800	2.63177735345647
20	2244801	2245101	"del"	300	1.77105396954948
20	2264701	2265001	"del"	300	1.05840994676989
20	2303501	2303601	"del"	100	2.5948936470216
20	2539401	2539701	"del"	300	1.40067291855115
20	2560001	2560101	"del"	100	1.64079851854867
20	2571101	2571201	"del"	100	1.13124115016022
20	2587301	2587501	"del"	200	1.54500062324156
20	2592401	2592601	"del"	200	2.56491436221593
20	2627501	2627701	"del"	200	2.77117477734558
20	2632801	2633601	"del"	800	1.46364324324324
20	2673001	2674701	"del"	1700	1.29622222222222
20	2691601	2691801	"del"	200	2.51418838267242
20	2696801	2696901	"del"	100	2.56423685362161
20	2732301	2733401	"del"	1100	1.66826366559486
20	2746201	2746401	"del"	200	2.37334326018632
20	2780901	2781301	"del"	400	2.50111821086262
20	2788901	2789301	"del"	400	2.4219901027047
20	2801501	2802101	"del"	600	2.51805319148936
20	2813701	2813801	"del"	100	2.11195147815565
20	2890301	2891201	"del"	900	2.57072664359862
20	3000001	3000201	"del"	200	2.44935126258354
20	3026401	3027401	"del"	1000	2.66218916046759
20	3037901	3038101	"del"	200	0.691084780224458
20	3058001	3058101	"del"	100	1.81704900760704
20	3073401	3074101	"del"	700	2.7029213708304
20	3140301	3140401	"del"	100	1.09386590941522
20	3145201	3145501	"del"	300	2.37803174603175
20	3146101	3146501	"del"	400	1.90104130367724
20	3147501	3147801	"del"	300	2.19813621768293
20	3183701	3184101	"del"	400	1.91361738920381
20	3184901	3185101	"del"	200	2.35914204300391
20	3211501	3211901	"del"	400	2.06528775020094
20	3218701	3220201	"del"	1500	2.20325431034483
20	3281201	3281401	"del"	200	2.38584669456329
20	3319301	3319401	"del"	100	2.52136916631854
20	3321001	3321101	"del"	100	1.45472785485592
20	3381001	3381101	"del"	100	2.00579943583097
20	3403501	3403701	"del"	200	0.5588612857277
20	3424601	3424901	"del"	300	2.6939247134034
20	3448501	3448701	"del"	200	1.83606411044721
20	3465401	3465501	"del"	100	1.66971363826863
20	3473601	3473701	"del"	100	0.28860605166267
20	3510801	3510901	"del"	100	0.919989023051592
20	3577601	3577801	"del"	200	2.77496565916594
20	3641101	3641801	"del"	700	1.74833898305085
20	3653901	3654601	"del"	700	2.07145328719723
20	3662301	3662801	"del"	500	0.125572273779942
20	3712901	3713401	"del"	500	0.023110041698265
20	3732201	3732801	"del"	600	2.24432341381246
20	3758601	3758901	"del"	300	2.49745980707396
20	3774101	3774301	"del"	200	2.46692124475377
20	3776901	3777201	"del"	300	1.95957446808511
20	3780501	3780601	"del"	100	2.42955337781324
20	3795001	3795101	"del"	100	1.05996842292101
20	3833601	3833901	"del"	300	2.39163785035816
20	3869601	3870401	"del"	800	1.3687898089172
20	3983801	3983901	"del"	100	2.47506602689241
20	3988901	3989201	"del"	300	0.307766304347826
20	3995601	3996401	"del"	800	1.5265751920966
20	4015901	4016101	"del"	200	2.46383626620687
20	4036801	4037101	"del"	300	2.77207017952009
20	4063701	4063801	"del"	100	1.56809208230607
20	4077001	4077101	"del"	100	1.13245591863146
20	4108501	4108801	"del"	300	2.13980825504048
20	4142501	4142701	"del"	200	2.03168837098834
20	4152801	4153401	"del"	600	2.63291525423729
20	4176701	4176901	"del"	200	2.66205563669108
20	4369601	4370201	"dup"	600	134.388729568211
20	4434401	4434601	"del"	200	0.190790960451977
20	4440801	4441401	"del"	600	2.72125836036088
20	4475801	4475901	"del"	100	1.77908913832205
20	4503701	4503901	"del"	200	2.55080512891321
20	4523701	4523901	"del"	200	2.69901945961614
20	4537201	4537401	"del"	200	2.59947129530571
20	4553901	4554001	"del"	100	2.55692389296054
20	4573101	4573301	"del"	200	2.54920253193221
20	4636501	4636601	"del"	100	0.908276290453544
20	4641801	4641901	"del"	100	2.23350358784165
20	4741301	4741401	"del"	100	0.845177310224721
20	4803301	4804101	"del"	800	1.57386075949367
20	4825301	4825501	"del"	200	2.78398029454917
20	4922901	4923101	"del"	200	2.74416041633005
20	4953101	4953301	"del"	200	2.30226079445563
20	5008101	5008701	"del"	600	2.40816435432231
20	5031201	5031701	"del"	500	1.75757949332601
20	5048001	5048101	"del"	100	0.933828011087093
20	5100001	5100401	"del"	400	2.63308801664223
20	5107401	5107901	"del"	500	0.121558043192421
20	5139801	5140001	"del"	200	1.46830456275615
20	5197801	5198001	"del"	200	2.27434643393242
20	5280101	5280201	"del"	100	1.78528880644853
20	5297301	5297701	"del"	400	2.49680379746835
20	5433501	5434101	"del"	600	1.02224119530416
20	5434801	5435001	"del"	200	2.25169933112093
20	5487201	5487401	"del"	200	2.27233259355007
20	5511001	5511201	"del"	200	2.18639147807289
20	5585001	5585201	"del"	200	2.14724966311009
20	5591301	5591901	"del"	600	2.47771704180064
20	5595701	5595801	"del"	100	2.47152359684712
20	5619901	5620101	"del"	200	0.517274256057696
20	5652401	5652501	"del"	100	2.4027045670145
20	5653301	5653501	"del"	200	1.80187672782058
20	5674501	5674601	"del"	100	2.25313475767155
20	5682501	5682801	"del"	300	0.974896271291982
20	5731001	5731101	"del"	100	2.69726134273452
20	5813301	5813401	"del"	100	1.68037090023052
20	5814901	5815001	"del"	100	2.65447452229299
20	5832301	5832401	"del"	100	2.66820018541643
20	5852401	5852501	"del"	100	2.03427807702666
20	5892001	5892301	"del"	300	1.30285221391604
20	5979801	5980001	"del"	200	0.627959821264402
20	5986401	5987201	"del"	800	2.16183279742765
20	6002201	6002301	"del"	100	2.70689999819252
20	6013601	6013701	"del"	100	2.04219188538844
20	6015601	6015801	"del"	200	1.87471957040227
20	6021801	6022101	"del"	300	0.342397629310345
20	6032601	6033201	"del"	600	2.8087955801105
20	6042101	6042201	"del"	100	1.73708894624637
20	6103401	6103801	"del"	400	2.31364506611985
20	6129501	6129701	"del"	200	2.27350441974246
20	6151001	6151201	"del"	200	2.23191030797655
20	6175901	6176101	"del"	200	1.74026878211052
20	6193501	6194001	"del"	500	2.80133404482391
20	6206601	6206701	"del"	100	1.68264432740181
20	6213601	6213901	"del"	300	1.93943044111478
20	6246701	6246901	"del"	200	2.0489866011692
20	6251001	6251301	"del"	300	0.985226132679907
20	6267201	6267401	"del"	200	2.67464711947478
20	6297401	6297501	"del"	100	0.977932600434245
20	6299901	6300201	"del"	300	1.87364737477245
20	6302001	6302201	"del"	200	2.26325295832593
20	6307101	6307301	"del"	200	2.20493189539891
20	6308101	6308301	"del"	200	1.53249787696434
20	6317801	6317901	"del"	100	2.74805686495212
20	6328101	6328301	"del"	200	2.17615528782871
20	6357101	6357201	"del"	100	2.77017151414488
20	6399901	6400001	"del"	100	2.75098020500913
20	6442801	6443501	"del"	700	2.57922987164527
20	6525401	6525701	"del"	300	2.36728836068465
20	6553801	6554001	"del"	200	2.58644396384524
20	6669401	6669601	"del"	200	1.90716623681748
20	6750701	6750901	"del"	200	1.44799930216334
20	6755601	6755701	"del"	100	2.53040097631944
20	6759701	6759801	"del"	100	1.65583032357245
20	6855201	6855301	"del"	100	2.67974540935514
20	6866001	6866101	"del"	100	2.75754113401115
20	6928101	6928301	"del"	200	2.18605946912007
20	6934201	6934301	"del"	100	2.45855317008554
20	7013001	7013401	"del"	400	2.57663217958548
20	7044901	7045301	"del"	400	2.71463022508039
20	7087101	7087401	"del"	300	1.86879237368043
20	7101801	7101901	"dup"	100	43.7398674033149
20	7102101	7102201	"dup"	100	46.6154831820609
20	7175101	7175301	"del"	200	1.63035772231365
20	7201601	7201801	"del"	200	2.32999640909359
20	7214001	7214101	"del"	100	2.18720568994371
20	7276401	7276501	"del"	100	1.69809327075918
20	7283801	7284001	"del"	200	2.80214379797423
20	7298301	7298501	"del"	200	2.58243396919535
20	7365501	7365601	"del"	100	2.19780879406509
20	7399301	7399401	"del"	100	2.59875707395178
20	7412401	7412801	"del"	400	2.75756157203204
20	7418301	7418401	"del"	100	2.36265202504132
20	7419501	7419701	"del"	200	1.8776168791118
20	7433701	7433901	"del"	200	2.46213939878999
20	7455101	7455201	"del"	100	1.67336297099003
20	7462301	7462401	"del"	100	2.56699460218072
20	7535801	7536001	"del"	200	2.35434361233927
20	7538601	7538701	"del"	100	1.06159729793136
20	7543701	7544001	"del"	300	1.43274832533016
20	7544401	7544601	"del"	200	2.38348440789454
20	7545001	7545201	"del"	200	2.59504605412874
20	7563801	7564001	"del"	200	1.59795107131603
20	7574901	7575001	"del"	100	2.41531852589919
20	7599901	7600001	"del"	100	2.3511475296953
20	7600001	7600101	"del"	100	2.80601910828026
20	7603201	7603401	"del"	200	0.894002918601843
20	7612501	7612701	"del"	200	2.00080342485764
20	7665001	7665201	"del"	200	2.48604994183146
20	7682201	7682301	"del"	100	2.35203626189223
20	7691501	7692001	"del"	500	2.7745878733303
20	7694801	7695001	"del"	200	2.36596027987902
20	7696501	7696701	"del"	200	2.47418144741762
20	7715601	7715801	"del"	200	2.75722580675397
20	7717901	7718101	"del"	200	1.70535940195515
20	7719501	7719801	"del"	300	2.55802238202727
20	7765801	7766001	"del"	200	0.662601611869148
20	7768401	7768701	"del"	300	2.73171586328959
20	7857701	7857801	"del"	100	2.14522918901523
20	7859501	7859601	"del"	100	2.37082341903748
20	7890001	7890101	"del"	100	1.12657389863452
20	7988901	7989101	"del"	200	2.4664748370469
20	7999801	8000001	"del"	200	0.14163783160323
20	8000001	8000301	"del"	300	0.0563977635782748
20	8006701	8006801	"del"	100	2.50651036573842
20	8044001	8044101	"del"	100	1.83212150673678
20	8050001	8050201	"del"	200	2.71471734222248
20	8055101	8055201	"del"	100	1.94400948601335
20	8109701	8109801	"del"	100	2.60270663554806
20	8112801	8113401	"del"	600	1.4052579582876
20	8155601	8155801	"del"	200	2.5019679144385
20	8166101	8166201	"del"	100	2.24981888498025
20	8177201	8177401	"del"	200	2.42934072458498
20	8209801	8209901	"del"	100	2.31347204904585
20	8210501	8210601	"del"	100	2.26896283274736
20	8257501	8257801	"del"	300	2.22758919752144
20	8258901	8259101	"del"	200	1.15400147045849
20	8261101	8261201	"del"	100	2.10483462683636
20	8263901	8264601	"del"	700	2.36785079881169
20	8265801	8266001	"del"	200	2.42741639636228
20	8275901	8276101	"del"	200	2.30290464558904
20	8352901	8353001	"del"	100	2.52912623562789
20	8362301	8362401	"del"	100	2.52259513716898
20	8372401	8372501	"del"	100	1.30959642881576
20	8467001	8467201	"del"	200	2.38523506217991
20	8482501	8482701	"del"	200	1.21921315954044
20	8497301	8497401	"del"	100	1.96454195772164
20	8504101	8504201	"del"	100	1.52102290400829
20	8537501	8537601	"del"	100	1.62509470335018
20	8624901	8625501	"del"	600	2.50437908561518
20	8661501	8661801	"del"	300	2.20582003702533
20	8663601	8663901	"del"	300	2.70360353851451
20	8713201	8713501	"del"	300	0.797119312762507
20	8714301	8715301	"del"	1000	2.37689369300318
20	8800601	8800801	"del"	200	0.0545891969443361
20	8824001	8824201	"del"	200	0.767300815223483
20	8856001	8856101	"del"	100	2.08567970575401
20	9045501	9045601	"del"	100	1.87451710134649
20	9049001	9050101	"del"	1100	2.39965189873418
20	9062601	9062801	"del"	200	2.4388547881204
20	9077701	9077801	"del"	100	2.02571803728976
20	9098801	9099001	"del"	200	1.98537633662099
20	9103801	9104201	"del"	400	2.44535502955103
20	9108201	9108301	"del"	100	2.25126863649627
20	9116301	9116501	"del"	200	2.26181615069144
20	9125201	9125301	"del"	100	1.30192893214707
20	9135601	9135701	"del"	100	1.73643100316432
20	9183501	9183801	"del"	300	2.66343727718722
20	9202601	9202801	"del"	200	1.3153179855049
20	9247301	9247401	"del"	100	2.54284780011121
20	9277601	9277801	"del"	200	1.54464947913636
20	9279901	9280101	"del"	200	2.00582688691456
20	9286001	9286301	"del"	300	2.80610079557544
20	9320101	9320401	"del"	300	2.31903383458549
20	9366101	9366401	"del"	300	0.924120012676416
20	9399501	9399701	"del"	200	2.16336249288171
20	9487501	9487901	"del"	400	2.10122047251883
20	9488201	9488401	"del"	200	2.12601491639827
20	9507401	9507501	"del"	100	1.60469904963041
20	9545501	9545601	"del"	100	2.39601536772777
20	9622301	9622501	"del"	200	1.1661912298424
20	9656101	9656201	"del"	100	2.26178935038791
20	9781901	9782201	"del"	300	1.6958335851675
20	9783501	9783601	"del"	100	2.40223033688895
20	9819401	9819801	"del"	400	1.49057877813505
20	9842001	9842301	"del"	300	1.35034612594716
20	9857501	9858001	"del"	500	2.80740383685428
20	9872001	9872201	"del"	200	2.12588730406443
20	9931201	9931301	"del"	100	2.777100920688
20	9960701	9960901	"del"	200	2.46419614341351
20	9974701	9975101	"del"	400	2.25489662676823
20	10012301	10012601	"del"	300	0.295403579296262
20	10052501	10052601	"del"	100	2.55456273990226
20	10068001	10068101	"del"	100	1.56376937265594
20	10098201	10098801	"del"	600	1.86019758507135
20	10102201	10102501	"del"	300	1.52235817976731
20	10152801	10153001	"del"	200	1.11937778459773
20	10198001	10198301	"del"	300	1.42210517545308
20	10199001	10199401	"del"	400	1.50640478459125
20	10219401	10219501	"del"	100	2.46496615126058
20	10243601	10243801	"del"	200	2.17514468867114
20	10255501	10255701	"del"	200	1.33050427543762
20	10282401	10282501	"del"	100	1.28773423822337
20	10349501	10349701	"del"	200	2.72700080720105
20	10380601	10380701	"del"	100	2.08499594984683
20	10399201	10399501	"del"	300	2.46242966157541
20	10404901	10405101	"del"	200	2.50096841162372
20	10414501	10414801	"del"	300	1.52776163576906
20	10433301	10433501	"del"	200	1.66683274692981
20	10436101	10436401	"del"	300	2.07638072224412
20	10567401	10567501	"del"	100	1.81104780967392
20	10570601	10570801	"del"	200	2.75591967596852
20	10670601	10670701	"del"	100	2.17035435884528
20	10743401	10743601	"del"	200	1.10464385177592
20	10774401	10774501	"del"	100	2.43501160427476
20	10783301	10783501	"del"	200	1.48974142803068
20	10844201	10844401	"del"	200	2.48106337236837
20	10854501	10854601	"del"	100	2.31480894290167
20	10889101	10889401	"del"	300	2.40406987757665
20	10958301	10958701	"del"	400	2.67514469453376
20	11001901	11002101	"del"	200	0.709831234767576
20	11005701	11005801	"del"	100	2.75713833569352
20	11027201	11027401	"del"	200	2.36591884066834
20	11034601	11034701	"del"	100	2.31041621986137
20	11042601	11042801	"del"	200	1.45281304833526
20	11049501	11049701	"del"	200	2.79623366593317
20	11050201	11050401	"del"	200	2.3040160743621
20	11058201	11058401	"del"	200	2.7450847164307
20	11087401	11087501	"del"	100	2.66339479170688
20	11107601	11107801	"del"	200	2.32205479671491
20	11120801	11121001	"del"	200	2.80959621889641
20	11142201	11142301	"del"	100	2.12229288016962
20	11164801	11165001	"del"	200	2.80509759743376
20	11237201	11237401	"del"	200	2.41623132361127
20	11257901	11258001	"del"	100	2.21601462389408
20	11290301	11290401	"del"	100	1.13180779200377
20	11314301	11314501	"del"	200	2.32847645731522
20	11369101	11369501	"del"	400	2.31595006433177
20	11378301	11379001	"del"	700	2.71944636678201
20	11400701	11400801	"del"	100	1.54678831080209
20	11404701	11405001	"del"	300	1.9073355319758
20	11409301	11409401	"del"	100	1.73084159528082
20	11414801	11415001	"del"	200	1.72028774109179
20	11457801	11458101	"del"	300	2.69610153074305
20	11470401	11470501	"del"	100	2.7476716047892
20	11475301	11475601	"del"	300	2.07584476306415
20	11488401	11488501	"del"	100	2.37158629891431
20	11494001	11494201	"del"	200	0.846923625981442
20	11517301	11517501	"del"	200	2.15165197182868
20	11571701	11572201	"del"	500	2.69777896995708
20	11589601	11589701	"del"	100	2.42545147280409
20	11592901	11593301	"del"	400	2.48722033898305
20	11630001	11630701	"del"	700	2.51720257234727
20	11804701	11804801	"del"	100	1.65204867108082
20	11814501	11814701	"del"	200	2.66592361427135
20	11834401	11834701	"del"	300	1.85203966090996
20	11964201	11964301	"del"	100	2.61081692528928
20	12025701	12026101	"del"	400	1.8675560298826
20	12134701	12134901	"del"	200	1.64295762488705
20	12166801	12166901	"del"	100	1.97274695226159
20	12171401	12171801	"del"	400	2.12128559614832
20	12242901	12243001	"del"	100	1.83777444735394
20	12255201	12255401	"del"	200	1.52410367837657
20	12259601	12259801	"del"	200	2.35031091920757
20	12317301	12317501	"del"	200	2.1039415796608
20	12374401	12375001	"del"	600	2.02932203389831
20	12423701	12423901	"del"	200	2.26095750751646
20	12454701	12454801	"del"	100	2.49875962798428
20	12527701	12527801	"del"	100	1.66620276176158
20	12536801	12537601	"del"	800	2.79295915753266
20	12538901	12539401	"del"	500	2.63916743108476
20	12583701	12584001	"del"	300	1.89755807233613
20	12603801	12603901	"del"	100	1.7012101910828
20	12653601	12653701	"del"	100	1.63741350932119
20	12684301	12684701	"del"	400	2.65652902897605
20	12726101	12726401	"del"	300	2.66662604897415
20	12752501	12752801	"del"	300	2.0826132333248
20	12801101	12801301	"del"	200	1.77950158506061
20	12815801	12816101	"del"	300	2.53473710228443
20	12817101	12817401	"del"	300	2.35537935549097
20	12911901	12912101	"del"	200	1.40963089240751
20	12933501	12933901	"del"	400	2.43802348364427
20	12973301	12973601	"del"	300	2.65768835174697
20	13041001	13041201	"del"	200	1.12808784500667
20	13043901	13044301	"del"	400	2.48924349943484
20	13058701	13059001	"del"	300	1.73600043411103
20	13117201	13117401	"del"	200	1.61023759493639
20	13185101	13185301	"del"	200	2.72072442489005
20	13200901	13202701	"del"	1800	2.54900911161731
20	13208301	13208401	"del"	100	2.49656894149842
20	13255201	13255401	"del"	200	2.54987005186561
20	13324001	13324201	"del"	200	2.37876282094113
20	13374801	13375101	"del"	300	1.90833348552329
20	13437801	13437901	"del"	100	1.82290334795387
20	13446301	13446501	"del"	200	2.10068965103185
20	13539101	13539301	"del"	200	1.41269217326155
20	13567301	13567601	"del"	300	0.851848214198726
20	13586101	13586201	"del"	100	2.16451790034145
20	13601101	13601301	"del"	200	2.41270501254105
20	13604701	13605001	"del"	300	2.73373048009005
20	13611701	13611801	"del"	100	2.65705749391716
20	13619301	13619401	"del"	100	2.67232885341566
20	13662901	13663301	"del"	400	2.41515251976351
20	13666001	13666101	"del"	100	2.59359319645161
20	13700201	13700401	"del"	200	1.80444799169424
20	13729201	13729401	"del"	200	2.02242745692395
20	13741001	13741501	"del"	500	2.71952799121844
20	13763301	13763401	"del"	100	2.6333891176842
20	13765801	13765901	"del"	100	2.8071573879032
20	13769301	13769501	"del"	200	2.72586155344255
20	13878701	13878901	"del"	200	2.3862882409122
20	13901401	13901601	"del"	200	2.39530164866766
20	13936701	13936801	"del"	100	1.96963496386093
20	13944901	13945001	"del"	100	0.920140611290684
20	13951501	13951701	"del"	200	2.30209163123361
20	13961701	13961801	"del"	100	1.47337096504717
20	13975901	13976901	"del"	1000	2.78901694915254
20	13985701	13985801	"del"	100	2.5129972212904
20	14010001	14010101	"del"	100	2.65831535061144
20	14020201	14020301	"del"	100	2.472769188153
20	14021801	14021901	"del"	100	2.80004698381297
20	14025601	14025801	"del"	200	0.595551322614666
20	14027201	14027401	"del"	200	2.61169281769336
20	14049601	14050001	"del"	400	2.01373918579735
20	14065601	14065801	"del"	200	1.92125517130998
20	14081001	14081501	"del"	500	2.15427038626609
20	14171201	14171401	"del"	200	2.29747290920683
20	14172401	14172601	"del"	200	2.3709676626384
20	14211101	14211501	"del"	400	2.79247613700168
20	14218201	14218301	"del"	100	1.55128582593379
20	14236701	14236801	"del"	100	2.1599840458534
20	14302601	14303001	"del"	400	2.43750403442711
20	14312801	14313001	"del"	200	2.16011779386337
20	14316801	14317101	"del"	300	2.47545138557346
20	14330001	14330201	"del"	200	1.96506130843232
20	14346001	14346201	"del"	200	1.41004155450852
20	14350701	14350901	"del"	200	2.79665225826281
20	14355801	14356101	"del"	300	2.36448519983989
20	14363001	14363301	"del"	300	2.73620890231286
20	14429601	14429701	"del"	100	2.67016818149409
20	14434801	14435001	"del"	200	2.30672442129787
20	14436401	14436601	"del"	200	1.82676738491577
20	14440001	14440301	"del"	300	2.52876245400927
20	14466301	14466601	"del"	300	2.40206167210651
20	14481601	14481801	"del"	200	2.33507096081395
20	14523501	14523601	"del"	100	1.35665689583268
20	14529101	14529301	"del"	200	2.54773309881575
20	14533701	14533801	"del"	100	1.61437490051151
20	14558701	14558901	"del"	200	2.57954243660663
20	14626501	14626601	"del"	100	2.58289289002004
20	14679401	14679501	"del"	100	2.05316924008325
20	14680401	14680701	"del"	300	2.55909635883681
20	14683101	14683301	"del"	200	1.93998598529556
20	14723101	14723401	"del"	300	2.36169544035802
20	14757301	14757401	"del"	100	2.72062014801604
20	14793801	14793901	"del"	100	1.99831561581723
20	14842601	14843301	"del"	700	1.97
20	14904301	14904601	"del"	300	0.963022753535561
20	14927001	14927101	"del"	100	2.24025941566638
20	14935101	14935901	"del"	800	0.871072664359862
20	14943101	14943201	"del"	100	1.74483220267348
20	14969501	14969601	"del"	100	1.74146620826305
20	14990301	14990401	"del"	100	1.89951038984974
20	14995701	14995801	"del"	100	2.41764177428411
20	15003701	15003901	"del"	200	2.44613485754219
20	15031001	15031401	"del"	400	2.67965701020143
20	15072901	15073101	"del"	200	1.37833213638113
20	15126401	15126601	"del"	200	2.68471437388849
20	15147401	15147601	"del"	200	0.0332325265417757
20	15196901	15197101	"del"	200	2.69261949765252
20	15205701	15205901	"del"	200	2.62519417549317
20	15237601	15237701	"del"	100	1.57600161763219
20	15311901	15312001	"del"	100	1.40686044112252
20	15340001	15340201	"del"	200	2.76920639789696
20	15511601	15512101	"del"	500	2.01971489749046
20	15551501	15552001	"del"	500	2.58844102364765
20	15711501	15712601	"del"	1100	1.81068012752391
20	15738501	15738901	"del"	400	2.68455694064823
20	15752601	15752701	"del"	100	1.81981412373928
20	15766601	15766801	"del"	200	2.49710368762489
20	15774301	15774601	"del"	300	2.31056009334889
20	15799801	15800001	"del"	200	1.03649517684887
20	15849801	15850001	"del"	200	1.67361960654613
20	15878101	15878401	"del"	300	2.65390473242862
20	15964601	15965001	"del"	400	2.36516264915406
20	16015601	16015901	"del"	300	0.970930629863215
20	16030501	16030601	"del"	100	1.83020563168262
20	16037801	16038001	"del"	200	2.36267193191206
20	16059601	16059901	"del"	300	2.30006048102255
20	16122701	16123401	"del"	700	2.73340791292303
20	16125501	16125601	"del"	100	2.37273971287029
20	16129501	16130001	"del"	500	2.72888888888889
20	16148701	16148801	"del"	100	2.49107205627047
20	16207601	16209101	"del"	1500	1.86616345248807
20	16231001	16231301	"del"	300	2.52551707059267
20	16240501	16240801	"del"	300	2.46927567567568
20	16258001	16258101	"del"	100	1.95873178837022
20	16276001	16276201	"del"	200	2.44342827293317
20	16350901	16351301	"del"	400	2.75823376476956
20	16375801	16375901	"del"	100	0.846263201807045
20	16390501	16390601	"del"	100	1.87124665174729
20	16422901	16423101	"del"	200	2.75975481938986
20	16441601	16441801	"del"	200	2.61648581426425
20	16553801	16554101	"del"	300	0.516989799710372
20	16557201	16557401	"del"	200	1.50215760773307
20	16653701	16653801	"del"	100	0.958255338375048
20	16771301	16771401	"del"	100	2.64184254767486
20	16850701	16850901	"del"	200	2.75282883789216
20	16908501	16908601	"del"	100	2.20030383651598
20	17013401	17013501	"del"	100	2.5294668822915
20	17037101	17037201	"del"	100	2.75092866621418
20	17061701	17061901	"del"	200	2.09378661946164
20	17103501	17103701	"del"	200	1.2062673009549
20	17145101	17145301	"del"	200	0.650237172073424
20	17207401	17207501	"del"	100	1.2892573076261
20	17239601	17239701	"del"	100	1.547801084729
20	17276001	17276101	"del"	100	1.70543783808832
20	17283801	17284501	"del"	700	1.14978904796459
20	17296001	17296301	"del"	300	2.45354293077178
20	17308901	17309001	"del"	100	1.59727974267055
20	17352901	17353001	"del"	100	1.61440458049244
20	17412601	17412701	"del"	100	2.76251878791997
20	17500701	17500801	"del"	100	2.50197645380613
20	17511501	17512001	"del"	500	2.49025751072961
20	17513101	17513201	"del"	100	1.46677777777778
20	17534401	17534501	"del"	100	1.78787337550316
20	17564301	17564401	"del"	100	2.70628883256212
20	17591801	17591901	"del"	100	2.50122594791377
20	17629901	17630201	"del"	300	1.80737707476658
20	17642701	17642801	"del"	100	2.76886834950452
20	17661501	17663201	"del"	1700	2.46574603174603
20	17759701	17759901	"del"	200	1.93929545767396
20	17787501	17787801	"del"	300	2.34080048693023
20	17886201	17886401	"del"	200	1.97901415600931
20	17903901	17904101	"del"	200	2.76703585744913
20	17990801	17991601	"del"	800	2.78789189189189
20	18028001	18028401	"del"	400	2.49399839211978
20	18039601	18040001	"del"	400	0.378663952415243
20	18052701	18053001	"del"	300	1.85016988342732
20	18118201	18118801	"del"	600	2.65314696485623
20	18121401	18121601	"del"	200	2.59647888418414
20	18175001	18175401	"del"	400	0.515656003571715
20	18207401	18207801	"del"	400	2.54806758183738
20	18246001	18246201	"del"	200	2.37496504378211
20	18261901	18262301	"del"	400	2.44089306483982
20	18330601	18330801	"del"	200	2.2247962105978
20	18389701	18389801	"del"	100	2.25719681055852
20	18466601	18466801	"del"	200	1.65630758243503
20	18561901	18562001	"del"	100	1.3246036471327
20	18568501	18569101	"del"	600	2.2749401523395
20	18584201	18584301	"del"	100	2.19473851998964
20	18600401	18600601	"del"	200	2.31256901947204
20	18654501	18654801	"del"	300	2.26488047518168
20	18676001	18676201	"del"	200	1.83839103334068
20	18688801	18689001	"del"	200	0.648020401304268
20	18693001	18693101	"del"	100	1.72917847279931
20	18757201	18757401	"del"	200	1.463762064709
20	18801901	18802101	"del"	200	1.41866590834288
20	18879301	18879701	"del"	400	2.2209201480698
20	18930501	18930701	"del"	200	1.6093127828682
20	19068801	19069301	"dup"	500	95.87224006605
20	19192301	19194301	"del"	2000	1.60148840028724
20	19303601	19303701	"del"	100	1.39836150372412
20	19306201	19306401	"del"	200	2.36070562767944
20	19326601	19326901	"del"	300	2.24997331654726
20	19442801	19443001	"del"	200	2.69190624995298
20	19620301	19620501	"del"	200	0.376959423064325
20	19738001	19738201	"del"	200	2.36580403739974
20	19738801	19739701	"del"	900	1.79160068879331
20	19853501	19853601	"del"	100	2.76713835892722
20	19955601	19955901	"del"	300	2.24070531379213
20	19973401	19973501	"del"	100	1.9584634360903
20	19994301	19994601	"del"	300	2.45227687797305
20	20001601	20001701	"del"	100	1.80725143122497
20	20039701	20039901	"del"	200	2.1105162132737
20	20086401	20086701	"del"	300	2.76335869439487
20	20095001	20095101	"del"	100	1.57480824832284
20	20120701	20120901	"del"	200	1.8088962101517
20	20234501	20234701	"del"	200	1.47850463422034
20	20264901	20265101	"del"	200	2.20721405083151
20	20295001	20295201	"del"	200	2.71495273769175
20	20301001	20301101	"del"	100	0.0584761904761905
20	20318001	20318201	"dup"	200	45.288197242842
20	20326601	20326801	"del"	200	2.49401334574311
20	20343801	20344001	"del"	200	2.35605267046993
20	20348001	20350501	"del"	2500	2.64951877313591
20	20439001	20439401	"del"	400	0.383576408539987
20	20503401	20503501	"del"	100	2.18505141600382
20	20548301	20548501	"del"	200	1.46233801949131
20	20588001	20588101	"del"	100	2.52818068522716
20	20622701	20622901	"del"	200	1.9951605839794
20	20653801	20654001	"del"	200	1.95693976080437
20	20654801	20654901	"del"	100	2.35882710139757
20	20703401	20703601	"del"	200	2.3859380467647
20	20749101	20749301	"del"	200	0.548737141494652
20	20759001	20759101	"del"	100	2.21335772235412
20	20765101	20765301	"del"	200	1.75068268355833
20	20880201	20880401	"del"	200	1.95231356649126
20	20904001	20904101	"del"	100	2.11099925678312
20	20928001	20928101	"del"	100	1.67778813588749
20	20982901	20983101	"del"	200	2.290975760825
20	20986101	20986601	"del"	500	0.456076094897955
20	21000701	21000901	"del"	200	1.91053090406701
20	21039701	21040001	"del"	300	2.43564445073579
20	21067301	21067601	"del"	300	2.39158504173559
20	21083501	21083801	"del"	300	2.5871017332098
20	21085901	21087001	"del"	1100	2.40405731934214
20	21100901	21101101	"del"	200	1.06627192338289
20	21139701	21139901	"del"	200	2.72158458244111
20	21165901	21166201	"del"	300	2.62555799633729
20	21169101	21169301	"del"	200	2.08357539016081
20	21207801	21207901	"del"	100	2.69179178806805
20	21242001	21242201	"del"	200	1.84526378509164
20	21283701	21284301	"del"	600	2.25630411826822
20	21333701	21333901	"del"	200	1.86096209910274
20	21346401	21346801	"del"	400	0.259104010899768
20	21356201	21356601	"del"	400	2.35241658726902
20	21372101	21372301	"del"	200	0.394199969308602
20	21376501	21378101	"del"	1600	2.14735828877005
20	21383901	21384201	"del"	300	2.76217413784482
20	21402301	21402501	"del"	200	1.29558395865568
20	21444701	21444901	"del"	200	2.40382745592891
20	21449901	21450001	"del"	100	1.66206018967884
20	21478701	21478801	"del"	100	2.62854632247968
20	21486401	21487101	"del"	700	0.934056706652127
20	21489201	21489601	"del"	400	1.67337508041476
20	21491201	21491601	"del"	400	2.09091891891892
20	21492401	21493601	"del"	1200	2.40612513721186
20	21494101	21494701	"del"	600	2.73398825413775
20	21518001	21518201	"del"	200	2.578917430216
20	21640901	21641101	"del"	200	2.13055744880725
20	21686101	21686701	"del"	600	2.44325259515571
20	21687501	21687801	"del"	300	2.5860906457023
20	21689801	21690001	"del"	200	1.98450425013892
20	21695201	21695401	"del"	200	2.0380290644379
20	21767901	21768001	"del"	100	2.716061003861
20	21824801	21825001	"del"	200	1.98173829488961
20	21871201	21871601	"del"	400	2.3826776833485
20	21913101	21913301	"dup"	200	31.5862219666475
20	21939601	21939701	"del"	100	1.49736037833848
20	21942801	21942901	"del"	100	1.60664413938754
20	22062601	22062801	"del"	200	0.872991192927295
20	22308401	22308501	"del"	100	1.5244807123803
20	22357601	22358101	"del"	500	2.75312227600405
20	22376801	22377101	"del"	300	2.66780165460291
20	22487101	22487301	"del"	200	2.42340526510682
20	22501901	22502201	"del"	300	2.37001235763633
20	22549001	22549701	"del"	700	2.75504319654428
20	22559001	22559301	"del"	300	2.12384319478657
20	22562601	22566001	"del"	3400	2.2893777828596
20	22567401	22567501	"del"	100	2.7041063971067
20	22572801	22572901	"del"	100	2.68023715408303
20	22580001	22580301	"del"	300	1.88963128922559
20	22612401	22612501	"del"	100	2.3062650379599
20	22616101	22616301	"del"	200	2.51481970928422
20	22619401	22619701	"del"	300	2.27064659096905
20	22642601	22642801	"del"	200	1.88754097191644
20	22655601	22655701	"del"	100	2.10465003633671
20	22706801	22707001	"del"	200	1.73964509163907
20	22739801	22740101	"del"	300	2.09545943720199
20	22744401	22744801	"del"	400	2.35987480533028
20	22766301	22766401	"del"	100	2.53427929753462
20	22892601	22892901	"del"	300	2.05523278519125
20	23028401	23028601	"del"	200	1.21263772371292
20	23066401	23066701	"del"	300	1.18447448080517
20	23120601	23121001	"del"	400	1.58564763334387
20	23140101	23140201	"del"	100	1.30916102377032
20	23200701	23200801	"del"	100	2.56401414731662
20	23242701	23242801	"del"	100	2.43725960135614
20	23294401	23294601	"del"	200	2.76521636457874
20	23306301	23306401	"del"	100	2.58446870050403
20	23316801	23316901	"del"	100	2.71867642886522
20	23338801	23339001	"del"	200	1.29537708211266
20	23342201	23343201	"del"	1000	1.68080042689434
20	23382401	23382701	"del"	300	2.80230553795737
20	23401101	23402201	"del"	1100	2.08379935965849
20	23481301	23481501	"del"	200	2.00506839142861
20	23487801	23488001	"del"	200	2.80952053244722
20	23518601	23518701	"del"	100	2.4184474947148
20	23572301	23572401	"del"	100	1.43570741125484
20	23574801	23575001	"dup"	200	26.8222780748663
20	23586901	23587001	"del"	100	2.41488472732571
20	23589401	23589501	"del"	100	2.55727851215204
20	23617901	23619201	"del"	1300	2.09091891891892
20	23632001	23632101	"del"	100	1.29578275975755
20	23757001	23757201	"del"	200	2.10521745149615
20	23784001	23784301	"del"	300	2.06156701770562
20	23838601	23838701	"del"	100	0.891936887921654
20	23840401	23840501	"del"	100	0.659355600520307
20	23846501	23846701	"del"	200	1.18110627092865
20	23848201	23848501	"del"	300	2.80223030689276
20	23976601	23976901	"del"	300	0.815623916007268
20	23981801	23982001	"del"	200	1.46895335041595
20	24042301	24042601	"del"	300	2.03831582244423
20	24054301	24054401	"del"	100	2.55676347016303
20	24059401	24059601	"del"	200	2.7312172160086
20	24155501	24155901	"del"	400	2.1126725328947
20	24191401	24191501	"del"	100	2.41595448897442
20	24201401	24201601	"del"	200	1.59633495409355
20	24249901	24250301	"del"	400	2.25432849951669
20	24411801	24412701	"del"	900	2.69921800619166
20	24449801	24450801	"del"	1000	1.39073917634636
20	24492701	24492901	"del"	200	2.0447426866032
20	24497901	24498401	"del"	500	2.6328164556962
20	24570801	24570901	"del"	100	1.22131097437695
20	24671801	24671901	"del"	100	2.33236997509783
20	24687301	24687401	"del"	100	2.61889148065096
20	24793701	24793801	"del"	100	1.28102713119327
20	24898901	24899101	"del"	200	2.5490009571184
20	24937501	24937701	"del"	200	1.91382348331415
20	24973201	24973401	"del"	200	0.608255057199564
20	25037501	25039101	"del"	1600	2.65721268947687
20	25062101	25063001	"del"	900	2.28783439490446
20	25129001	25129201	"del"	200	0.478180112143839
20	25176101	25176701	"del"	600	2.80562970936491
20	25189701	25190201	"del"	500	2.59364578959102
20	25228301	25229401	"del"	1100	1.98127795527157
20	25248701	25248901	"del"	200	2.75127573856444
20	25257001	25257401	"del"	400	2.63085592868742
20	25273701	25273801	"del"	100	1.46458253219045
20	25288401	25288501	"del"	100	2.57316425120773
20	25303001	25303101	"del"	100	1.79580618311934
20	25313601	25314001	"del"	400	2.23043791563704
20	25343101	25343301	"del"	200	2.77712116078477
20	25366501	25366801	"del"	300	2.00738804395344
20	25370501	25371701	"del"	1200	1.10678111587983
20	25452901	25453001	"del"	100	1.73711363460984
20	25565601	25566201	"del"	600	0.0945600385016443
20	25604101	25604901	"del"	800	1.51063492063492
20	25618501	25618801	"del"	300	2.14918383853719
20	25676901	25677501	"del"	600	2.71754291845494
20	25742201	25742601	"dup"	400	32.3437017167382
20	25755101	25755601	"del"	500	2.69897326203209
20	25772401	25772801	"del"	400	2.79826533592393
20	25775201	25775501	"del"	300	2.4981806659714
20	25801101	25801201	"del"	100	2.02320039880359
20	25804601	25804801	"del"	200	2.1372963999533
20	25822201	25822501	"del"	300	2.08224406174061
20	25844001	25844101	"del"	100	0.817565818740648
20	25885501	25885601	"del"	100	2.63296382730455
20	25899001	25899601	"del"	600	2.69084044441192
20	25902901	25903101	"del"	200	2.10990545903992
20	25939101	25939301	"del"	200	2.5421241337026
20	25994701	25994901	"del"	200	2.15836039558933
20	26015701	26015901	"del"	200	1.28162673888096
20	26040101	26040201	"del"	100	1.43981567868927
20	26054701	26054801	"dup"	100	25.9796376989748
20	26061101	26061301	"del"	200	2.09900866521912
20	26062101	26062501	"del"	400	0.748421304276271
20	26081001	26081201	"del"	200	2.54123702833725
20	26087601	26087801	"del"	200	2.51436903522816
20	26097301	26097401	"del"	100	2.3985730067663
20	26118001	26118301	"del"	300	2.71450512776576
20	26138701	26139301	"del"	600	2.78936570459641
20	26186301	26186801	"del"	500	2.48782960144811
20	26188701	26190301	"del"	1600	2.04553591160221
20	26205901	26206101	"del"	200	2.59942487593426
20	26255301	26255601	"del"	300	2.15188325060417
20	26256101	26256401	"del"	300	2.1503374220014
20	26297601	26302701	"del"	5100	1.82712802768166
20	26319601	26400001	"del"	80400	0
20	26400001	26600001	"del"	2e+05	0
20	26600001	26800001	"del"	2e+05	0
20	26800001	27000001	"del"	2e+05	0
20	27000001	27200001	"del"	2e+05	0
20	27200001	27400001	"del"	2e+05	0
20	27400001	27600001	"del"	2e+05	0
20	27600001	27800001	"del"	2e+05	0
20	27800001	28000001	"del"	2e+05	0
20	28000001	28200001	"del"	2e+05	0
20	28200001	28400001	"del"	2e+05	0
20	28400001	28600001	"del"	2e+05	0
20	28600001	28800001	"del"	2e+05	0
20	28800001	29000001	"del"	2e+05	0
20	29000001	29200001	"del"	2e+05	0
20	29200001	29400001	"del"	2e+05	0
20	29400001	29419501	"del"	19500	0.0298702702702703
20	29433101	29433301	"del"	200	1.84835878219945
20	29435301	29435401	"dup"	100	27.2995959920975
20	29445801	29445901	"del"	100	1.97835808965753
20	29451201	29451801	"dup"	600	28.5868182185826
20	29452401	29452501	"del"	100	2.71366033438512
20	29480101	29480301	"del"	200	2.75106894955483
20	29500101	29500201	"del"	100	2.28670087556578
20	29522201	29522301	"del"	100	1.67583208019182
20	29524301	29524601	"del"	300	2.71239143104399
20	29525101	29525201	"del"	100	1.04345527342766
20	29526201	29526701	"del"	500	2.58939297124601
20	29527301	29527401	"del"	100	1.49544946333013
20	29535001	29535401	"del"	400	2.34774845592364
20	29551301	29551701	"del"	400	2.00474842424353
20	29562901	29563001	"dup"	100	28.636033810143
20	29577101	29577201	"del"	100	2.50398995378742
20	29594401	29594501	"del"	100	2.18484175071481
20	29599001	29599301	"del"	300	2.57259687464803
20	29606801	29606901	"del"	100	2.74034807219782
20	29611501	29611801	"del"	300	1.72692272001055
20	29625501	29626201	"dup"	700	41.9244313934864
20	29626601	29626701	"dup"	100	25.6081065156181
20	29646601	29646801	"dup"	200	36.3506269925611
20	29649901	29650301	"dup"	400	37.4495605409592
20	29653901	29800001	"del"	146100	0.235399361022364
20	29800001	29803801	"del"	3800	0
20	29810001	29810501	"dup"	500	25.5433097642673
20	29819601	29819701	"dup"	100	25.4787591240876
20	29829301	29830001	"dup"	700	105.51792659006
20	29883801	29884101	"del"	300	1.73668975837147
20	29933301	29933601	"del"	300	1.98860610649601
20	29939901	29940201	"del"	300	2.65309322784449
20	29942801	29943101	"del"	300	2.18362437743624
20	30014601	30015601	"del"	1000	2.52094874591058
20	30025201	30025301	"del"	100	1.84767196601272
20	30038001	30038301	"del"	300	2.71956176901007
20	30050101	30050301	"del"	200	2.13183355006502
20	30062901	30063001	"del"	100	2.22764629388817
20	30160801	30161101	"del"	300	1.81077966101695
20	30166401	30166701	"del"	300	2.0891858506457
20	30170701	30170801	"del"	100	1.12605470002322
20	30175301	30175901	"del"	600	1.81392474790817
20	30193201	30193401	"del"	200	1.3593211379158
20	30225601	30225801	"del"	200	0.848614448161906
20	30243701	30243801	"del"	100	2.64852560685454
20	30259701	30259801	"del"	100	2.21279994269466
20	30311201	30311601	"del"	400	2.0641408751334
20	30348201	30348501	"del"	300	2.74727255174154
20	30371001	30371201	"del"	200	2.80502632087341
20	30410401	30410601	"del"	200	1.15133563865242
20	30432801	30433301	"del"	500	2.04400520156047
20	30437501	30437601	"del"	100	0.688654096228869
20	30458001	30458601	"del"	600	1.84096574957889
20	30467701	30467801	"del"	100	2.44971679920193
20	30525601	30525901	"del"	300	2.41617269343611
20	30545501	30545801	"del"	300	2.25184861880046
20	30555501	30556401	"del"	900	1.48139682539683
20	30585701	30585801	"del"	100	2.70644621647441
20	30605901	30607201	"del"	1300	2.71233009708738
20	30618901	30619201	"del"	300	0.324580084712622
20	30628401	30628501	"del"	100	1.98016669499014
20	30709401	30710401	"del"	1000	2.75399654974123
20	30711501	30711601	"del"	100	2.24404458810118
20	30750901	30751001	"del"	100	1.57525584731286
20	30763001	30763201	"del"	200	1.76854356306892
20	30763901	30765201	"del"	1300	2.65880364109233
20	30777901	30778201	"del"	300	2.39531859557867
20	30795301	30795801	"del"	500	0.417184655396619
20	30853301	30853401	"del"	100	1.81228997796079
20	30865501	30865701	"del"	200	0.76120448575587
20	30874201	30874401	"del"	200	2.73687839041247
20	30887101	30887201	"del"	100	2.45015173156105
20	30946001	30946801	"del"	800	1.11113322141366
20	30967001	30967401	"del"	400	2.80720621343095
20	30969201	30969401	"del"	200	2.05387463162215
20	30980201	30980401	"del"	200	2.72366106826644
20	30984801	30985001	"del"	200	2.27671563702387
20	31008801	31009001	"del"	200	1.99609882964889
20	31063001	31063201	"del"	200	1.8071247491641
20	31069701	31069901	"del"	200	1.77119696470217
20	31070401	31072601	"del"	2200	2.06549741230592
20	31124001	31124801	"del"	800	1.58091027308192
20	31147501	31147701	"del"	200	2.05198959687906
20	31150701	31151001	"del"	300	1.11082899869961
20	31162501	31162601	"del"	100	2.42088109925993
20	31165801	31166001	"del"	200	2.79292604162656
20	31170601	31173401	"del"	2800	2.4605271781401
20	31190801	31191201	"del"	400	2.70136873385223
20	31208801	31209001	"del"	200	0.24211065878655
20	31211301	31211501	"del"	200	2.49503247839246
20	31214901	31215301	"del"	400	2.79247613700168
20	31254501	31254601	"del"	100	0.982438522074769
20	31293101	31293201	"del"	100	2.23439679865957
20	31294801	31295001	"del"	200	2.77009300778213
20	31310801	31312101	"del"	1300	1.34268792710706
20	31327401	31328001	"del"	600	2.06239297475302
20	31331001	31331301	"del"	300	0.338674603174603
20	31350001	31351201	"del"	1200	2.69603223301113
20	31442501	31442601	"del"	100	2.49459067066317
20	31524601	31524901	"del"	300	2.62006641940325
20	31575001	31575301	"del"	300	2.73511599622847
20	31670901	31671101	"del"	200	1.5550405402792
20	31703401	31703601	"del"	200	0.82039901584316
20	31735101	31735201	"del"	100	1.34305071214919
20	31772801	31773401	"del"	600	2.64958598726115
20	31864801	31865101	"del"	300	0.726079365079365
20	32020501	32020601	"del"	100	2.68869426751592
20	32035501	32036001	"del"	500	2.32517251317633
20	32044201	32044501	"del"	300	1.8840595642437
20	32069401	32069601	"del"	200	2.16906420492844
20	32082001	32082101	"del"	100	1.99026535520402
20	32102901	32103001	"del"	100	2.05591713747646
20	32180001	32180201	"del"	200	2.76784127224856
20	32231501	32231601	"del"	100	1.99135656541138
20	32254801	32255901	"del"	1100	2.58630225080386
20	32264701	32264901	"del"	200	1.88997465251867
20	32272001	32272201	"del"	200	2.09598718013596
20	32273601	32274401	"del"	800	2.05109189189189
20	32286801	32287901	"del"	1100	1.36626467449306
20	32297401	32297901	"del"	500	2.70702762430939
20	32305001	32305301	"del"	300	2.52303846846681
20	32319601	32320201	"del"	600	0.775682302771855
20	32352301	32352401	"del"	100	2.60599452785707
20	32357001	32357201	"del"	200	2.77290966062453
20	32371701	32372201	"del"	500	1.12404833589351
20	32382501	32382701	"del"	200	1.95015350532328
20	32399101	32399301	"del"	200	2.72631862217438
20	32441501	32441601	"del"	100	2.43678079977261
20	32450301	32450601	"del"	300	1.4081086811347
20	32475001	32475201	"del"	200	1.901828112131
20	32549001	32549401	"del"	400	2.54314084972337
20	32563701	32563901	"del"	200	1.09245431548307
20	32581101	32582301	"del"	1200	2.1006045106979
20	32609601	32609701	"del"	100	1.84100754310345
20	32614201	32614401	"del"	200	2.46042900545508
20	32617201	32617401	"del"	200	2.33363825672737
20	32622901	32623001	"del"	100	2.61223561489725
20	32664801	32664901	"del"	100	0.947652733118971
20	32679401	32679601	"del"	200	2.25601441977453
20	32710201	32710301	"del"	100	2.53757920091576
20	32720201	32720901	"del"	700	2.71514316012725
20	32729801	32730201	"del"	400	2.06879437873481
20	32803901	32804201	"del"	300	1.12570426808449
20	32817001	32819201	"del"	2200	2.16183279742765
20	32846301	32846601	"del"	300	0.833801103168913
20	32856701	32857101	"del"	400	0.908913776377807
20	32892701	32892901	"del"	200	2.30647756609409
20	32942601	32942901	"del"	300	2.80058111061562
20	32951101	32951601	"del"	500	2.23485310119695
20	32970301	32970501	"del"	200	2.17778622045848
20	33001001	33001101	"del"	100	1.99384433520626
20	33043801	33044101	"del"	300	1.43832819218883
20	33064101	33064201	"del"	100	0.584124444826993
20	33074501	33074901	"del"	400	2.42892438699185
20	33082901	33083101	"del"	200	2.36404755156999
20	33091401	33091601	"del"	200	2.71879961376226
20	33104301	33104501	"del"	200	1.90626181460697
20	33214501	33214801	"del"	300	2.64677624602333
20	33219201	33219501	"del"	300	2.05077559871207
20	33230301	33230501	"del"	200	2.44171234007384
20	33241801	33242001	"del"	200	1.99495414774444
20	33254201	33254401	"del"	200	2.68960858089743
20	33291901	33292401	"del"	500	1.55815732758621
20	33296301	33298001	"del"	1700	2.65626925788113
20	33348501	33348601	"del"	100	1.43802691579248
20	33399001	33399201	"del"	200	2.54362358694285
20	33447501	33447901	"del"	400	2.55231509250793
20	33451101	33451301	"del"	200	0.753564894397142
20	33464301	33464601	"del"	300	0.442104786501262
20	33468501	33468801	"del"	300	2.77204235492178
20	33477101	33477201	"del"	100	2.38021846945822
20	33567501	33567901	"del"	400	2.20544307542867
20	33584801	33585401	"del"	600	2.66836608646828
20	33588101	33588301	"del"	200	1.28046943731176
20	33621601	33621801	"del"	200	2.11038348856016
20	33661701	33661801	"del"	100	2.38605697789897
20	33680301	33680701	"del"	400	2.79327677624602
20	33684101	33684301	"del"	200	2.50978851095914
20	33694601	33694801	"del"	200	2.04079706861121
20	33741301	33742201	"del"	900	1.24683236382866
20	33762701	33762801	"del"	100	0.781817607686495
20	33793501	33793601	"del"	100	1.93510537202777
20	33814001	33814901	"del"	900	2.03795744680851
20	33840601	33840801	"del"	200	0.858998503517065
20	33879901	33880101	"del"	200	0.821715838256115
20	33898301	33898501	"del"	200	1.54899858972316
20	33926401	33926501	"del"	100	2.5632027054585
20	33958801	33959001	"del"	200	2.36968008803328
20	34022201	34022401	"del"	200	1.03981215427884
20	34036201	34036301	"del"	100	1.53425680511196
20	34038701	34039001	"del"	300	1.65453240473372
20	34042801	34043201	"del"	400	0.630366254046565
20	34070101	34070401	"del"	300	2.70600792462229
20	34121401	34121601	"del"	200	1.31967166977216
20	34159901	34160101	"del"	200	2.35158482267147
20	34168601	34168901	"del"	300	2.04760496768808
20	34176701	34177001	"del"	300	2.20758221137568
20	34182901	34183101	"del"	200	2.73745998189144
20	34189001	34189901	"del"	900	2.18910064239829
20	34206801	34207001	"del"	200	2.18353936965125
20	34252601	34252801	"del"	200	2.01621679064825
20	34273401	34273601	"del"	200	2.03970701372926
20	34286801	34287401	"del"	600	2.50613002949397
20	34315301	34315401	"del"	100	2.67459937226645
20	34343201	34343401	"del"	200	1.68722009007199
20	34351601	34351901	"del"	300	2.15338090010977
20	34353501	34353601	"del"	100	2.17968117719191
20	34375101	34375201	"del"	100	2.41054673856637
20	34384801	34385001	"del"	200	2.19792667822027
20	34502901	34503001	"del"	100	2.26453969935403
20	34531201	34531501	"del"	300	2.4135519897144
20	34534501	34534601	"del"	100	2.0985432230523
20	34541601	34542501	"del"	900	2.27303054430424
20	34580601	34580901	"del"	300	2.35540429295151
20	34589201	34589701	"del"	500	2.15467899891186
20	34638401	34638901	"del"	500	2.11328708644611
20	34652501	34653401	"del"	900	2.17632940433917
20	34680101	34681501	"del"	1400	1.61321656050955
20	34742301	34742701	"del"	400	0.496315326863545
20	34744701	34744901	"del"	200	2.48959770775364
20	34759901	34760101	"del"	200	2.1618058522241
20	34825601	34825801	"del"	200	2.77631670472083
20	34857001	34857201	"del"	200	2.11183678765207
20	34897101	34947001	"del"	49900	0.854232409381663
20	34948401	34948701	"del"	300	2.48463401776834
20	34955901	34956401	"del"	500	2.57528354856822
20	35059901	35060201	"del"	300	2.71422368233384
20	35064401	35064801	"del"	400	1.40681316632483
20	35090901	35091101	"del"	200	1.85908635770566
20	35127601	35127801	"del"	200	2.21812664247559
20	35177401	35177701	"del"	300	2.69515938205247
20	35201601	35203101	"del"	1500	2.74632587859425
20	35244701	35244801	"del"	100	1.96231757280857
20	35264901	35265201	"del"	300	2.52872865835132
20	35305401	35305601	"del"	200	2.51914041022054
20	35313601	35313701	"del"	100	1.44512678320273
20	35321301	35321501	"del"	200	1.9199965439152
20	35339501	35339701	"del"	200	2.33306166423504
20	35340901	35341001	"del"	100	2.14337509070386
20	35343201	35343401	"del"	200	1.82467640181005
20	35374201	35374501	"del"	300	0.171329710822706
20	35401901	35402301	"del"	400	1.64378752798546
20	35409801	35410201	"del"	400	2.21470788600562
20	35444001	35444301	"del"	300	2.33062425192094
20	35464101	35464401	"del"	300	2.02051118210863
20	35465701	35465901	"del"	200	2.16495369527854
20	35474101	35474201	"del"	100	2.49476028284573
20	35480701	35480901	"del"	200	1.69697167106625
20	35491001	35492501	"del"	1500	2.61047770700637
20	35508401	35508501	"del"	100	0.897382220193722
20	35541101	35541201	"del"	100	2.40883478660717
20	35562401	35562801	"del"	400	2.50375196196465
20	35579401	35580001	"del"	600	1.25310591461462
20	35628401	35629501	"del"	1100	2.52500401894783
20	35632401	35632801	"del"	400	2.3104785947658
20	35640701	35641301	"del"	600	2.64406616862327
20	35688501	35688701	"del"	200	2.67573073801084
20	35697901	35698301	"del"	400	1.50566878980892
20	35724001	35724301	"del"	300	2.70882352941176
20	35757501	35757701	"del"	200	2.31475033650339
20	35779401	35779601	"del"	200	1.4787604064128
20	35804001	35804201	"del"	200	2.78835868756511
20	35807401	35807901	"del"	500	2.65925965097832
20	35815501	35815801	"del"	300	1.15591447056286
20	35892801	35893001	"del"	200	2.38021271832996
20	35917901	35918201	"del"	300	2.4933971964971
20	35952001	35952201	"del"	200	1.90266751527989
20	35964901	35965101	"del"	200	2.58515183538288
20	35974101	35975101	"del"	1000	1.69617069062325
20	36012501	36013201	"del"	700	2.06898582333697
20	36034901	36035301	"del"	400	2.64700753498385
20	36111801	36112001	"del"	200	2.27383137673426
20	36155601	36156201	"del"	600	2.46783513792079
20	36192701	36193001	"del"	300	2.37268063620192
20	36226501	36226801	"del"	300	2.24715162868248
20	36322201	36322401	"del"	200	1.44774892135616
20	36411301	36411401	"del"	100	1.62429723991507
20	36530101	36530301	"del"	200	1.97600344847811
20	36531101	36532001	"del"	900	1.52786252768568
20	36605601	36605701	"del"	100	1.21084302420157
20	36648601	36648801	"del"	200	1.76904485442562
20	36700401	36700501	"del"	100	2.43294064339372
20	36728201	36728301	"del"	100	2.27786116398415
20	36743901	36744001	"del"	100	2.51576428065919
20	36776201	36776301	"del"	100	1.66975785382705
20	36793601	36793801	"del"	200	1.02748212760481
20	36895301	36895501	"del"	200	1.97378341953476
20	36984501	36984801	"del"	300	2.15670813729925
20	36994201	36994301	"del"	100	1.74792643240941
20	37036101	37036301	"del"	200	1.1205249796578
20	37075201	37075601	"del"	400	2.37496846601407
20	37089901	37090501	"del"	600	0.81414364640884
20	37101601	37101701	"del"	100	0.200872410032715
20	37109301	37109401	"del"	100	2.50145140461119
20	37136601	37136701	"del"	100	0.905310628895648
20	37140501	37140701	"del"	200	0.485385854273795
20	37156901	37157001	"del"	100	1.94309974431355
20	37177901	37178301	"del"	400	2.69349493828731
20	37230401	37230601	"del"	200	1.78957960952188
20	37281701	37281801	"dup"	100	28.094904357067
20	37336901	37337001	"del"	100	2.75218783351121
20	37345201	37345501	"del"	300	2.68437287323792
20	37352701	37353201	"del"	500	1.4620626349892
20	37376601	37377401	"del"	800	1.65057264050901
20	37415701	37415901	"del"	200	1.3891175736236
20	37418901	37419001	"del"	100	2.36302784977385
20	37434201	37435401	"del"	1200	2.15427038626609
20	37442301	37442401	"del"	100	2.2273327948857
20	37464501	37464601	"del"	100	1.05417848699764
20	37484501	37484601	"del"	100	2.3160016681832
20	37574301	37574501	"del"	200	1.66511832001351
20	37639701	37639901	"del"	200	2.76723360669638
20	37678801	37678901	"del"	100	0
20	37738201	37738401	"del"	200	2.47689352360044
20	37740201	37740301	"del"	100	1.60919998742671
20	37810501	37810801	"del"	300	2.7256344159546
20	38012701	38012901	"del"	200	2.50505998735265
20	38056601	38056701	"del"	100	1.95216986406345
20	38094801	38094901	"del"	100	2.62655921476078
20	38167701	38167901	"del"	200	2.25841435138378
20	38185801	38186201	"del"	400	1.94164763014303
20	38198701	38199201	"del"	500	2.75613418530351
20	38245901	38246301	"del"	400	2.34819456808315
20	38249101	38249201	"del"	100	1.99924770145283
20	38316101	38316201	"del"	100	0.850854457583408
20	38337601	38337701	"del"	100	1.84841350217801
20	38343201	38343301	"del"	100	1.2870379773653
20	38368901	38369101	"del"	200	2.19588897915237
20	38400801	38401301	"del"	500	2.76193771626298
20	38408701	38409101	"del"	400	2.55740757798253
20	38409601	38409801	"del"	200	1.84809848182013
20	38435901	38436101	"del"	200	2.33422641427251
20	38464801	38465201	"del"	400	2.80293047485253
20	38558501	38558801	"del"	300	2.69906369811598
20	38633501	38633801	"del"	300	1.83230862790433
20	38672101	38672301	"del"	200	2.75208268534001
20	38673301	38674201	"del"	900	2.54720001612988
20	38768501	38768801	"del"	300	2.39597800866668
20	38782101	38782201	"del"	100	2.4913783097259
20	38815101	38815301	"del"	200	2.42947091901061
20	38824101	38824301	"del"	200	2.5246204145735
20	38835601	38835801	"del"	200	2.54195125837213
20	38837701	38837801	"del"	100	2.28849407050414
20	38862501	38862801	"del"	300	2.10992141866644
20	38926601	38927201	"del"	600	1.88620517907487
20	39027801	39028101	"del"	300	1.18222857170122
20	39099501	39099701	"del"	200	2.56486709243166
20	39126301	39126501	"del"	200	1.69930715915484
20	39129001	39129201	"del"	200	2.56349593946818
20	39195901	39196001	"del"	100	2.06375454893555
20	39201401	39201501	"del"	100	1.44845171093841
20	39238101	39238301	"del"	200	1.50223979166562
20	39311701	39312401	"del"	700	2.33765452463002
20	39318801	39319101	"del"	300	2.01253771705304
20	39370501	39370701	"del"	200	2.41235183497804
20	39539301	39540001	"del"	700	2.61629672225417
20	39616401	39616501	"del"	100	2.22743707604679
20	39657101	39658101	"del"	1000	1.10559485530547
20	39761501	39761601	"del"	100	2.52692212299309
20	39765401	39766801	"del"	1400	2.34774845592364
20	39790201	39790401	"del"	200	1.93177493590249
20	39824901	39825201	"del"	300	0.441379783503583
20	39825801	39826101	"del"	300	1.93636072572038
20	39834101	39834201	"del"	100	2.72893062079724
20	39845901	39846001	"del"	100	1.72140183497322
20	39892101	39892401	"del"	300	2.21887490534097
20	39971601	39971701	"del"	100	1.61212094410541
20	39991001	39991101	"del"	100	1.89558661118892
20	39994601	39995601	"del"	1000	1.23064655172414
20	39997101	39997301	"del"	200	2.07296860748211
20	40017601	40018001	"del"	400	2.73179745396716
20	40036701	40036801	"del"	100	2.65508656159046
20	40118801	40119001	"dup"	200	28.5247412882788
20	40119801	40119901	"del"	100	2.13945674192304
20	40173201	40173301	"del"	100	2.55842988843272
20	40246401	40247501	"del"	1100	1.60685106382979
20	40349101	40349701	"del"	600	1.62663928473754
20	40434301	40434401	"del"	100	2.48188367129136
20	40535701	40536001	"del"	300	1.86658866580126
20	40541001	40541201	"del"	200	1.51901216490429
20	40618101	40618501	"del"	400	2.02317991795071
20	40627301	40628001	"del"	700	2.37582802547771
20	40750101	40750301	"del"	200	1.93243013526325
20	40774701	40774801	"del"	100	1.36970667883767
20	40814901	40815001	"del"	100	2.40111744550018
20	40898901	40899001	"del"	100	2.59501820159629
20	40905101	40905201	"del"	100	1.10660344271547
20	40923601	40923701	"del"	100	1.6586642159954
20	40991801	40992001	"del"	200	1.72435922604242
20	41029601	41029801	"del"	200	2.51917629228139
20	41036201	41036601	"del"	400	2.48093620116085
20	41128801	41129001	"del"	200	2.58239434013434
20	41137301	41138101	"del"	800	2.65179566563468
20	41294701	41295201	"del"	500	2.41782762786503
20	41396301	41396501	"del"	200	0.403354559503112
20	41405301	41405401	"del"	100	1.03007261060453
20	41606101	41606201	"del"	100	2.35713998649105
20	41608401	41608601	"del"	200	2.66284294255187
20	41628001	41628201	"del"	200	2.38741079172032
20	41648601	41648901	"del"	300	2.64477057333266
20	41675701	41675801	"del"	100	1.67184962660298
20	41680301	41680501	"del"	200	2.79308425361969
20	41685901	41686001	"del"	100	2.43853486351878
20	41696501	41696601	"del"	100	2.70384517312187
20	41952601	41952801	"del"	200	1.99130840995419
20	42004001	42004101	"del"	100	2.04668140894287
20	42018801	42019101	"del"	300	1.74783444464887
20	42024601	42024801	"del"	200	2.00017073820421
20	42067001	42067301	"del"	300	2.78158933531909
20	42077001	42077201	"del"	200	2.33306972995381
20	42086401	42087501	"del"	1100	1.81453674121406
20	42127801	42128001	"del"	200	2.38884534775347
20	42136201	42136701	"del"	500	2.45667398463227
20	42143301	42143501	"del"	200	1.73305019538738
20	42219501	42219701	"del"	200	2.09528881171852
20	42251201	42251301	"del"	100	1.17498256760868
20	42271901	42274501	"del"	2600	1.07662061636557
20	42278601	42278801	"del"	200	2.59770757268774
20	42281001	42281101	"del"	100	2.36808753472016
20	42282201	42282301	"del"	100	1.46037016574586
20	42286101	42286201	"del"	100	2.01257169020418
20	42295501	42296101	"del"	600	2.45667398463227
20	42306201	42306301	"del"	100	2.32105362341355
20	42325201	42325501	"dup"	300	33.4205966850829
20	42376201	42376301	"del"	100	2.75462390970295
20	42397701	42397901	"del"	200	2.45768997875411
20	42514901	42515101	"del"	200	2.12898451918009
20	42654801	42655101	"del"	300	2.52144315301857
20	42676801	42677101	"del"	300	1.63307928922033
20	42682101	42682201	"del"	100	2.46702991915898
20	42690801	42691001	"del"	200	2.64591342876339
20	42744201	42744901	"del"	700	2.1971382531952
20	42762401	42763601	"del"	1200	1.26812135355893
20	42839001	42839501	"del"	500	2.5518152866242
20	42866101	42866301	"del"	200	2.6813958611963
20	42939601	42939901	"del"	300	2.61210169491525
20	42977801	42977901	"del"	100	1.07443778882431
20	42984201	42984501	"del"	300	1.86828670178767
20	43017301	43017501	"del"	200	2.07805775968078
20	43040001	43040201	"del"	200	2.27426163932445
20	43050401	43050501	"del"	100	1.25494029139883
20	43066201	43067101	"del"	900	2.47859689476711
20	43080101	43080301	"del"	200	2.22332176735012
20	43125501	43125601	"del"	100	2.36465669339728
20	43160401	43160701	"del"	300	1.88815489749431
20	43230501	43230601	"del"	100	2.80244251236239
20	43280101	43280701	"del"	600	2.45271657754011
20	43295801	43295901	"del"	100	1.67893541033435
20	43306801	43307101	"del"	300	2.26212638274746
20	43319101	43319301	"del"	200	1.87512371036973
20	43353401	43353601	"del"	200	0.67644985016746
20	43356601	43356801	"del"	200	2.72597544938602
20	43374101	43374901	"del"	800	2.52166844919786
20	43438501	43439401	"del"	900	2.60604501607717
20	43476401	43476501	"del"	100	2.77086115480268
20	43505301	43505401	"del"	100	2.30528944969172
20	43508701	43508901	"del"	200	2.02135925946737
20	43514201	43514601	"del"	400	2.5903125
20	43617001	43617201	"del"	200	1.18039113954621
20	43640201	43640401	"del"	200	1.90038141847654
20	43692501	43692601	"del"	100	2.7068866429815
20	43726501	43727201	"del"	700	2.27805732484076
20	43729401	43729601	"del"	200	1.28698359884179
20	43832001	43832201	"del"	200	2.29345857773049
20	43844401	43844901	"del"	500	2.56747300582195
20	43921901	43922401	"del"	500	2.78351007423118
20	43926701	43926901	"del"	200	1.35380829236851
20	43932901	43933101	"del"	200	1.57658969994574
20	43934401	43934501	"del"	100	2.30458000339195
20	43935301	43935601	"del"	300	1.89355220667384
20	43945201	43945601	"del"	400	1.87406964091404
20	44053901	44054001	"del"	100	1.84256300915023
20	44068001	44068101	"del"	100	1.13751315342261
20	44079501	44079601	"del"	100	2.7563447622611
20	44099101	44099301	"del"	200	1.61265714702095
20	44133501	44133701	"del"	200	1.95411836406906
20	44230401	44230501	"del"	100	2.68522520267048
20	44249401	44249701	"del"	300	2.5076250765566
20	44335301	44335601	"del"	300	2.75744063974765
20	44353401	44353601	"del"	200	1.35617320605847
20	44364601	44364801	"del"	200	0.86792900671372
20	44367301	44367501	"del"	200	1.27569343463635
20	44415601	44415901	"del"	300	2.50712576716694
20	44420601	44420801	"del"	200	0.787968638081448
20	44462301	44462901	"del"	600	2.49315286624204
20	44519001	44520301	"del"	1300	2.47176196032672
20	44562901	44563801	"del"	900	1.39129787234043
20	44593501	44593701	"del"	200	2.79797250863333
20	44599701	44600001	"del"	300	2.40802536683562
20	44600001	44600601	"del"	600	2.56170014419745
20	44642701	44642901	"del"	200	0.79913178913738
20	44657401	44658201	"del"	800	2.70587595212187
20	44658901	44659101	"del"	200	1.34420787771836
20	44660401	44660901	"del"	500	1.45591164226093
20	44687201	44687501	"del"	300	2.76314291588498
20	44717801	44718701	"del"	900	2.32846406828421
20	44756801	44756901	"del"	100	2.06805846960815
20	44838801	44839001	"del"	200	0.998151059410747
20	44856001	44856201	"del"	200	2.30724690336558
20	44857001	44857301	"del"	300	2.72574394531248
20	44865101	44865201	"del"	100	0.269416068049083
20	44879701	44880201	"del"	500	2.78351007423118
20	44992801	44993101	"del"	300	2.63564335290977
20	45034701	45035201	"del"	500	1.36366742596811
20	45039701	45039901	"del"	200	1.24118121484284
20	45048601	45048701	"del"	100	2.52422222222222
20	45053901	45054301	"del"	400	1.9578594215159
20	45066401	45066501	"del"	100	1.43293844239797
20	45142001	45142301	"del"	300	0.731916289226914
20	45170001	45170301	"del"	300	2.0578472104935
20	45225601	45225801	"del"	200	2.75137664911708
20	45279901	45280101	"del"	200	1.64968122536919
20	45317701	45318001	"del"	300	2.67290217391304
20	45330501	45330701	"del"	200	2.2674896238255
20	45332401	45332501	"del"	100	1.42218805443583
20	45338101	45338401	"del"	300	0.321206475987626
20	45417501	45417601	"dup"	100	27.3107307792754
20	45463401	45463801	"del"	400	2.61194760820046
20	45511601	45511801	"del"	200	2.46336560782872
20	45520201	45520401	"del"	200	2.20965877751865
20	45523201	45523701	"del"	500	2.17744408945687
20	45614901	45615101	"del"	200	1.40118865695356
20	45639201	45639301	"del"	100	2.68358780984819
20	45685601	45685901	"del"	300	2.73481621972479
20	45784601	45784901	"del"	300	2.8088145488125
20	45854201	45854401	"del"	200	2.39870612653899
20	45896201	45896301	"del"	100	2.11144819717024
20	45994701	45994801	"del"	100	0.671055966209081
20	46019101	46019301	"del"	200	1.53828579115869
20	46059401	46059601	"del"	200	2.43200988446207
20	46112201	46112401	"del"	200	1.39014562897806
20	46130401	46131101	"del"	700	2.55277173913043
20	46133701	46133901	"del"	200	2.69471882228315
20	46140101	46140201	"del"	100	2.23058718994878
20	46170001	46170201	"del"	200	2.41949189189189
20	46176501	46176701	"del"	200	2.49910067240605
20	46179001	46179101	"del"	100	2.18386377483365
20	46199701	46199901	"del"	200	1.71835715535641
20	46203201	46203301	"del"	100	2.65953277242644
20	46217701	46217801	"del"	100	2.79148054146651
20	46228701	46228901	"del"	200	1.7899735894987
20	46284501	46284901	"del"	400	2.56572190258173
20	46371701	46371801	"del"	100	2.65644986148186
20	46374101	46374301	"del"	200	2.26317359155707
20	46375601	46375901	"del"	300	2.62814420363913
20	46428801	46428901	"del"	100	2.24672415402567
20	46463101	46463301	"del"	200	1.4530229837582
20	46677401	46677801	"del"	400	2.67521453837852
20	46687601	46687901	"del"	300	2.4925713587764
20	46696701	46696801	"del"	100	2.2216935560374
20	46701501	46701701	"del"	200	2.07561544434997
20	46884301	46884501	"del"	200	1.43101744985935
20	47008401	47008601	"del"	200	2.72807137809192
20	47013001	47013201	"del"	200	1.54262698531769
20	47136601	47137001	"del"	400	2.28902064400441
20	47157401	47157601	"del"	200	2.42936230939245
20	47180701	47180901	"del"	200	1.1465014207446
20	47192101	47192201	"del"	100	1.73402178385439
20	47195801	47195901	"del"	100	2.39391674832721
20	47208401	47208601	"del"	200	2.72816885251212
20	47252901	47253101	"del"	200	0.585355467712932
20	47257401	47257501	"del"	100	2.2460914095186
20	47277901	47278101	"del"	200	1.06610619985308
20	47443901	47445001	"del"	1100	1.92563885955649
20	47487601	47488101	"del"	500	2.62484097669238
20	47538001	47538601	"del"	600	2.24420886075949
20	47552201	47553001	"del"	800	1.41242728714966
20	47575901	47576001	"del"	100	1.28636106562688
20	47577301	47577701	"del"	400	2.48607061503417
20	47593501	47593601	"del"	100	1.19858232316864
20	47646801	47647101	"del"	300	2.67626214134935
20	47662701	47663401	"del"	700	2.20841935483871
20	47677801	47678101	"del"	300	2.55480231769779
20	47779601	47779701	"del"	100	2.78222790057988
20	47792101	47792301	"del"	200	2.54624546778312
20	47815901	47816001	"del"	100	2.52625005065993
20	47821001	47821201	"del"	200	2.49701695723967
20	47834101	47834401	"del"	300	2.30088053116639
20	47894301	47894901	"del"	600	2.43521946060286
20	47957501	47957701	"del"	200	1.14987099518821
20	48012801	48012901	"del"	100	2.37640516886511
20	48042101	48042301	"del"	200	1.49605900933595
20	48121501	48121601	"del"	100	2.73160367861983
20	48280101	48280201	"del"	100	1.74229135287668
20	48281801	48281901	"del"	100	2.09500554318625
20	48324601	48324901	"del"	300	2.51982663291006
20	48339101	48339401	"del"	300	1.36889753393758
20	48349201	48349401	"del"	200	1.46700987172659
20	48396001	48396701	"del"	700	2.08942836687711
20	48400701	48401001	"del"	300	2.57336585932865
20	48404601	48404801	"del"	200	2.7690356803397
20	48429201	48429801	"del"	600	2.66413559322034
20	48444701	48445201	"del"	500	2.71300146101655
20	48520401	48520501	"del"	100	1.3993864834011
20	48531801	48532001	"del"	200	0.387409934957706
20	48537701	48538001	"del"	300	2.18327665870188
20	48538701	48539201	"del"	500	2.78555910543131
20	48560301	48560501	"del"	200	1.44710108808184
20	48584101	48584301	"del"	200	1.38652140023157
20	48594901	48595101	"del"	200	2.03181350426086
20	48595701	48596001	"del"	300	2.13135701137782
20	48599101	48599401	"del"	300	0.429405144694534
20	48625901	48626701	"del"	800	2.65200600873708
20	48628101	48628401	"del"	300	1.71761104697639
20	48631701	48632001	"del"	300	2.17229160441249
20	48655401	48655801	"del"	400	2.48698531801632
20	48671601	48671801	"del"	200	2.36886841293664
20	48710501	48710901	"del"	400	1.87024854574299
20	48729301	48729701	"del"	400	0.461502066901448
20	48761701	48761901	"del"	200	2.80181250808264
20	48769901	48770401	"del"	500	1.7875113045581
20	48795901	48796001	"del"	100	2.1166499950977
20	48803201	48803401	"del"	200	1.99503042697357
20	48806501	48808701	"del"	2200	1.0101983663944
20	48825701	48825801	"del"	100	1.02981012658228
20	48859701	48859901	"del"	200	2.24657412462508
20	48925201	48925401	"del"	200	2.62022407876208
20	49032201	49032401	"del"	200	2.7226002837589
20	49061501	49061701	"del"	200	2.12600265689828
20	49082501	49082601	"del"	100	2.06835860818892
20	49090701	49090901	"del"	200	2.41687071248542
20	49123801	49123901	"del"	100	2.01912036280904
20	49149701	49149901	"del"	200	2.41581141508177
20	49180601	49180701	"del"	100	2.71581850669216
20	49225001	49225201	"del"	200	2.72742489270386
20	49225801	49226501	"del"	700	2.03031948881789
20	49254301	49254401	"del"	100	2.56931330472103
20	49257901	49258101	"del"	200	2.71710405365731
20	49307901	49308101	"del"	200	2.60758519057052
20	49347301	49348401	"del"	1100	2.35377518557794
20	49392001	49392501	"del"	500	2.29491767288694
20	49393401	49393701	"del"	300	2.46046927181486
20	49407301	49407501	"del"	200	1.69576813938597
20	49411401	49412001	"del"	600	0.0780298121225338
20	49412701	49413001	"del"	300	1.73575343074332
20	49420201	49420301	"del"	100	2.78504361808046
20	49481001	49481101	"del"	100	2.36150023126735
20	49529801	49529901	"del"	100	2.01083250021924
20	49546801	49548501	"del"	1700	2.40515923566879
20	49557701	49557901	"del"	200	0.533957021189828
20	49575401	49575701	"del"	300	2.16431512428233
20	49598701	49598901	"del"	200	2.61936034200774
20	49619401	49619501	"del"	100	2.29460194445752
20	49626201	49626701	"del"	500	0.560252051029138
20	49639101	49640001	"del"	900	1.34333701657459
20	49677501	49677701	"del"	200	2.6805223880597
20	49684901	49685001	"del"	100	2.23281656286392
20	49780101	49780201	"del"	100	2.36371772545901
20	49822901	49823101	"del"	200	2.06259625288621
20	49827401	49827601	"del"	200	2.67494350794297
20	49844801	49845501	"del"	700	1.71987845303867
20	50012501	50012601	"del"	100	0.447268836648584
20	50037601	50037801	"del"	200	2.77452319165452
20	50072201	50072701	"del"	500	2.2119659936238
20	50117101	50117301	"del"	200	0.874149525538109
20	50136901	50137101	"del"	200	2.53763041266212
20	50139801	50140401	"del"	600	2.63282678002125
20	50178901	50179301	"del"	400	0.808860152214826
20	50212901	50213101	"del"	200	2.013724370424
20	50223401	50223501	"del"	100	0.240446548389295
20	50267701	50268001	"del"	300	2.43650793650794
20	50275201	50275401	"del"	200	2.36607933386069
20	50343501	50343801	"del"	300	2.14415980379237
20	50360101	50360301	"del"	200	2.33439444439114
20	50383501	50385201	"del"	1700	2.32435118804633
20	50387801	50388101	"del"	300	2.5644542374887
20	50417201	50417301	"del"	100	2.41696386644306
20	50418001	50418801	"del"	800	1.26391304861138
20	50454301	50454401	"del"	100	2.62381835051499
20	50457001	50457201	"del"	200	2.24129969837685
20	50462701	50462801	"del"	100	2.66735355892649
20	50467801	50468001	"del"	200	2.77421829246549
20	50484701	50484801	"del"	100	2.29996291219866
20	50500701	50500801	"del"	100	2.62565577340095
20	50513101	50513301	"del"	200	2.09672061278364
20	50521301	50521501	"del"	200	1.3638844280923
20	50540701	50540801	"del"	100	2.19315116331653
20	50557201	50557401	"del"	200	1.93879047153958
20	50561501	50561901	"del"	400	2.76641886287945
20	50578001	50578401	"del"	400	2.52248407643312
20	50590601	50590701	"del"	100	1.27204252933057
20	50613601	50613701	"del"	100	2.74264646066824
20	50617101	50617401	"del"	300	1.97144147637306
20	50645501	50645701	"del"	200	2.4460264475281
20	50718501	50718601	"del"	100	1.47263857071967
20	50721601	50721701	"del"	100	0.319398201333705
20	50722501	50722801	"del"	300	2.38009581827526
20	50753301	50753401	"del"	100	1.33536371129919
20	50771801	50772101	"del"	300	2.61128861137281
20	50783901	50784001	"del"	100	1.58093750537353
20	50810001	50810101	"del"	100	0.856525162761871
20	50815701	50815801	"del"	100	2.42882727080841
20	50839301	50839401	"del"	100	2.70023382386938
20	50894101	50894401	"del"	300	2.62459399869096
20	50928201	50928401	"del"	200	2.34186871161319
20	50970101	50970201	"del"	100	2.55205913078757
20	50998601	50998801	"del"	200	2.55820721409332
20	51020401	51020601	"del"	200	1.7942936578899
20	51046301	51046401	"del"	100	1.68491681338327
20	51072201	51072501	"del"	300	2.07643922196393
20	51073101	51073801	"del"	700	1.36277918032609
20	51136101	51136201	"del"	100	2.29352456463766
20	51165701	51166101	"del"	400	2.41674674163204
20	51170401	51170801	"del"	400	2.60219047619048
20	51231001	51231101	"del"	100	1.41691555622601
20	51240001	51240201	"del"	200	2.52299731112846
20	51320901	51321101	"del"	200	2.11295603478308
20	51386801	51387001	"del"	200	2.49236046757133
20	51391401	51391501	"del"	100	2.63413561087071
20	51411501	51411601	"del"	100	2.20525203784523
20	51452801	51452901	"del"	100	1.98978270135775
20	51508201	51508401	"del"	200	2.46330877048336
20	51606401	51606601	"del"	200	2.618826790758
20	51653201	51653301	"del"	100	2.13250696693324
20	51666501	51666701	"del"	200	2.22023762045141
20	51700901	51701201	"del"	300	2.04904257651369
20	51788101	51788201	"del"	100	1.66602384562511
20	51820601	51820801	"dup"	200	110.4413660619
20	51994701	51995201	"del"	500	2.75487404372268
20	52115801	52116101	"del"	300	2.39451237187009
20	52118001	52118201	"del"	200	1.80791487410839
20	52206401	52206501	"del"	100	2.29511731901152
20	52218101	52218201	"del"	100	1.46848430623003
20	52223801	52224601	"del"	800	2.12385805505254
20	52251201	52251301	"del"	100	2.34113423519571
20	52276601	52276801	"del"	200	1.22987769693103
20	52303201	52303401	"del"	200	1.67097390789477
20	52307401	52307501	"del"	100	2.33671974522293
20	52310501	52310701	"del"	200	2.76750325338819
20	52319501	52319701	"del"	200	2.51995037069741
20	52321001	52321101	"del"	100	2.70714684372954
20	52325201	52325301	"del"	100	1.51063492063492
20	52353001	52353101	"del"	100	2.3093675419449
20	52358901	52359101	"del"	200	1.98331684160061
20	52359801	52360001	"del"	200	2.78792179565664
20	52360501	52360601	"del"	100	1.79276103336921
20	52375901	52376101	"del"	200	2.39470875102476
20	52458101	52458401	"del"	300	2.56309159232952
20	52484901	52485801	"del"	900	2.19332974137931
20	52594901	52595001	"del"	100	2.5535451577802
20	52742601	52742801	"del"	200	2.283992200195
20	52754601	52754801	"del"	200	2.53040561955672
20	52780601	52780701	"del"	100	2.76907447916051
20	52790601	52791101	"del"	500	2.51450749464668
20	52810701	52811101	"del"	400	2.58810098792536
20	52824301	52825101	"del"	800	2.66900052882073
20	52849701	52849801	"del"	100	1.0485508768205
20	52866801	52867301	"del"	500	2.29026567481403
20	52894501	52894601	"del"	100	2.62873336187115
20	52973001	52973101	"del"	100	0.926403419186917
20	52990901	52991101	"del"	200	2.79368808122968
20	52992901	52993201	"del"	300	1.93052562551298
20	53034701	53034901	"del"	200	1.60719357564532
20	53091701	53092301	"del"	600	2.66372393263248
20	53235501	53235701	"del"	200	2.51905565054015
20	53286201	53286301	"del"	100	2.57920224826067
20	53321901	53322201	"del"	300	2.51854425581485
20	53381101	53381301	"del"	200	1.20053238752525
20	53427201	53427401	"del"	200	2.24786222240297
20	53435601	53436801	"del"	1200	1.76174282678002
20	53458101	53458201	"del"	100	1.9429064604469
20	53488701	53488801	"del"	100	1.70895209906616
20	53526201	53526501	"del"	300	2.32522004715363
20	53543201	53543501	"del"	300	2.28756098324941
20	53560101	53560301	"del"	200	2.28401516923103
20	53578801	53578901	"del"	100	2.34582405384575
20	53595801	53595901	"del"	100	2.17096060119783
20	53660401	53660601	"del"	200	2.37847883833849
20	53735801	53735901	"del"	100	2.72101408394303
20	53740401	53740501	"del"	100	2.6258581614699
20	53747301	53747401	"del"	100	1.59679519283954
20	53755901	53756001	"del"	100	2.12000410097054
20	53768201	53768401	"del"	200	1.28505086026257
20	53835401	53835501	"del"	100	2.35562512557766
20	53848001	53848401	"del"	400	2.26981265612484
20	53897601	53897701	"del"	100	1.98357280312993
20	53976401	53976601	"del"	200	2.78605990863542
20	54014401	54014501	"del"	100	1.49976272594021
20	54033201	54033401	"del"	200	2.73239417028405
20	54050701	54050801	"del"	100	1.73889399913929
20	54051801	54052001	"del"	200	2.17585518660688
20	54059101	54059401	"del"	300	2.55817946068843
20	54078801	54079001	"del"	200	2.74007477081292
20	54101001	54101201	"del"	200	2.603123002628
20	54114201	54114301	"del"	100	1.27598770736639
20	54131001	54131101	"del"	100	2.69778964163554
20	54139601	54139801	"del"	200	2.1162797909222
20	54151201	54151401	"del"	200	2.16514272173205
20	54156701	54157201	"del"	500	2.0118441273326
20	54199601	54200001	"del"	400	1.557067280046
20	54200001	54200701	"del"	700	2.02461206896552
20	54202501	54203301	"del"	800	2.51753986332574
20	54281401	54281601	"del"	200	1.64263109053367
20	54326301	54327201	"del"	900	1.73238044633369
20	54439301	54439701	"dup"	400	68.5058267361941
20	54610301	54610501	"del"	200	2.63765070204709
20	54783801	54783901	"del"	100	2.56247160785837
20	54855801	54856801	"del"	1000	1.96879921197263
20	54859201	54859401	"del"	200	2.76029308085655
20	54868201	54868401	"del"	200	2.26535781422294
20	54933801	54934301	"del"	500	2.63848712446352
20	54956101	54956201	"del"	100	2.2428731243477
20	54985801	54986001	"del"	200	1.63497472324566
20	55040401	55040501	"del"	100	2.45909817942086
20	55145601	55145801	"del"	200	1.33246389433019
20	55160601	55160701	"del"	100	2.27145701299963
20	55171001	55171101	"del"	100	2.51370302812904
20	55172001	55172201	"del"	200	2.59447446527834
20	55194401	55194601	"del"	200	2.2853161956959
20	55198901	55199201	"del"	300	0.228949152542373
20	55200001	55200401	"del"	400	1.93753180335759
20	55204201	55204501	"del"	300	2.32030939226519
20	55205301	55206601	"del"	1300	1.74349732620321
20	55233401	55233701	"del"	300	2.4535923924488
20	55307701	55307801	"del"	100	1.693100537014
20	55308201	55308401	"del"	200	2.77324037218965
20	55310701	55310901	"del"	200	2.22270745245058
20	55338601	55338801	"del"	200	2.69555579768459
20	55339901	55340001	"del"	100	1.86425293489861
20	55405201	55405401	"del"	200	2.68428762629523
20	55434901	55435201	"del"	300	2.57833622723307
20	55479801	55480001	"del"	200	2.33613206526788
20	55526001	55526101	"del"	100	2.43942978305603
20	55665901	55666201	"del"	300	2.79585847505895
20	55685501	55685601	"del"	100	0.201678832116788
20	55692601	55693301	"del"	700	2.24480637813212
20	55766801	55767301	"del"	500	0.124589215177728
20	55784101	55784301	"del"	200	2.77503320736472
20	55840101	55840401	"del"	300	0.607071619556586
20	55841001	55841901	"del"	900	1.28278563656148
20	55871901	55872201	"del"	300	2.63669129773989
20	55891301	55891601	"del"	300	1.45375785867076
20	55904601	55904801	"del"	200	2.61463622251034
20	55923401	55923701	"del"	300	2.39520130576714
20	55925801	55926001	"del"	200	1.350170547574
20	55982501	55982701	"del"	200	1.45459106744974
20	56006901	56007001	"del"	100	1.41735378375303
20	56014101	56014401	"del"	300	0.86411899492605
20	56015901	56016401	"del"	500	2.6689392804625
20	56099901	56101801	"del"	1900	1.77911054948864
20	56172101	56172301	"del"	200	1.29126017576318
20	56173101	56173401	"del"	300	2.36558979242408
20	56227001	56227801	"del"	800	2.64596685082873
20	56236401	56236601	"del"	200	2.16367305889577
20	56284101	56285701	"del"	1600	1.81784320096796
20	56316001	56316301	"del"	300	2.45106744941239
20	56327301	56327501	"del"	200	2.69046689118826
20	56342501	56342601	"del"	100	2.08136351326335
20	56363001	56363201	"del"	200	1.25195722895283
20	56372401	56372701	"del"	300	0.793348931712226
20	56393101	56393501	"del"	400	2.66754308983275
20	56402501	56402901	"del"	400	2.79997570323063
20	56549901	56550001	"dup"	100	29.9129042553192
20	56577601	56577901	"del"	300	2.37710859436609
20	56671101	56671601	"del"	500	2.66365379682167
20	56754701	56755001	"del"	300	1.33041431213724
20	56758201	56758301	"del"	100	2.65881003201708
20	56780401	56781001	"del"	600	1.78396732788798
20	56784801	56785001	"del"	200	2.03876060084579
20	56803201	56803801	"del"	600	2.50271739130435
20	56823301	56823501	"del"	200	1.65524301686344
20	56884301	56885201	"del"	900	1.64180563542266
20	56900201	56900401	"del"	200	2.51205710837953
20	56911701	56911801	"del"	100	2.68491405797595
20	56970201	56970301	"del"	100	2.8078010078721
20	56983801	56983901	"del"	100	2.63089901207464
20	56988701	56989701	"del"	1000	2.64508650519031
20	56993501	56993701	"del"	200	1.84267458760434
20	57000901	57001001	"del"	100	2.40869019705746
20	57002401	57002501	"dup"	100	24.9686034110336
20	57036101	57036501	"del"	400	1.94142115513274
20	57042101	57042501	"del"	400	2.66970905172414
20	57045601	57045701	"del"	100	2.51941074754766
20	57089401	57090101	"del"	700	1.85669022623541
20	57117301	57117401	"del"	100	2.2891251266464
20	57125901	57126301	"del"	400	2.51196238643979
20	57145701	57145901	"del"	200	2.45549106636382
20	57211001	57211201	"del"	200	0.743219432878638
20	57224501	57226101	"del"	1600	2.3448773856228
20	57267501	57268301	"del"	800	2.78605005440696
20	57276201	57276401	"del"	200	1.08274355523229
20	57282101	57282401	"del"	300	1.06301681603279
20	57286101	57286301	"del"	200	2.39759433750521
20	57308701	57308901	"del"	200	2.71831979854631
20	57317001	57317201	"del"	200	2.12712461541541
20	57361001	57361301	"del"	300	2.44441259859566
20	57406601	57406701	"del"	100	2.12646939448591
20	57414601	57414701	"del"	100	2.36173067223037
20	57416601	57416801	"del"	200	1.78084718474933
20	57425801	57425901	"del"	100	2.35533021230642
20	57429001	57430701	"del"	1700	2.21118971061093
20	57431101	57431201	"del"	100	2.01421581057177
20	57491801	57492101	"del"	300	2.54698245995959
20	57533601	57533901	"del"	300	2.20801157532061
20	57556201	57556701	"del"	500	2.01621679064825
20	57579601	57579801	"del"	200	2.5288511097016
20	57607101	57607701	"del"	600	0.840828025477707
20	57617501	57618101	"del"	600	2.25489662676823
20	57629101	57629201	"del"	100	2.38076999048141
20	57640001	57640101	"del"	100	2.04683433346304
20	57685801	57686001	"del"	200	1.8043576213309
20	57764501	57764601	"del"	100	2.14499360480469
20	57766101	57767701	"del"	1600	2.61311563169165
20	57774001	57774101	"del"	100	2.67156332363277
20	57775401	57775601	"del"	200	2.5330417094642
20	57797201	57797801	"del"	600	2.74466917697687
20	58048001	58048201	"del"	200	2.62985385677441
20	58131501	58131701	"del"	200	1.92567746348864
20	58152201	58152801	"del"	600	2.78646496815287
20	58225001	58225301	"del"	300	2.40579016150176
20	58359801	58360001	"del"	200	2.33225376293268
20	58397001	58397301	"del"	300	0.482254840786271
20	58440701	58441001	"del"	300	2.15139010008286
20	58442001	58442101	"del"	100	1.03112136170094
20	58468401	58468501	"del"	100	2.75354644052656
20	58485801	58485901	"del"	100	2.59553097210069
20	58489601	58489901	"del"	300	2.80900106269926
20	58514201	58514901	"del"	700	2.53275
20	58515301	58515401	"del"	100	1.25234155587466
20	58528801	58529101	"del"	300	2.71078507180354
20	58545601	58545801	"del"	200	2.04201475875373
20	58564401	58564501	"del"	100	1.20788465912168
20	58662501	58662801	"del"	300	0.334604665671799
20	58663301	58663501	"del"	200	2.80515951102297
20	58709801	58709901	"del"	100	1.02550371155885
20	59031601	59031801	"del"	200	2.37825450880129
20	59186701	59187101	"del"	400	1.50451030906514
20	59190701	59190901	"del"	200	2.46057351986849
20	59330501	59330601	"del"	100	1.75876740088484
20	59358301	59358501	"dup"	200	26.5680409588039
20	59407501	59407701	"del"	200	2.77883537698639
20	59502101	59502301	"del"	200	2.37081736430302
20	59524801	59524901	"del"	100	1.47070826199107
20	59542401	59542601	"del"	200	1.26609631214739
20	59556201	59556701	"del"	500	2.39828454306151
20	59598801	59599201	"del"	400	1.30450479233227
20	59722101	59722301	"del"	200	1.95797300101948
20	59723801	59724101	"del"	300	1.7214312389759
20	59766401	59767001	"del"	600	2.56989148351164
20	59768001	59768301	"del"	300	1.02145194318233
20	59777201	59777301	"dup"	100	31.3452203389831
20	59781001	59781201	"del"	200	2.13617359919665
20	59827101	59828901	"del"	1800	1.79441334768568
20	59912301	59912401	"dup"	100	29.7060662983425
20	59958101	59958501	"del"	400	2.19366698278795
20	60050501	60050601	"del"	100	1.54281443246799
20	60089301	60089501	"del"	200	2.66332860646509
20	60103301	60103601	"del"	300	1.16124714779022
20	60108301	60108601	"del"	300	2.54063085942933
20	60146601	60146801	"del"	200	1.84168866916572
20	60169001	60169501	"del"	500	2.54538916985257
20	60228501	60228801	"del"	300	0.901051987143571
20	60231301	60231601	"del"	300	1.95124629369967
20	60247001	60247301	"del"	300	2.17391978073202
20	60298901	60299201	"del"	300	2.07480201652692
20	60322301	60322501	"del"	200	2.43353056743949
20	60331501	60331801	"del"	300	2.24852068562949
20	60373201	60373501	"del"	300	1.55762382501654
20	60396001	60396401	"del"	400	2.71041589047864
20	60398301	60398401	"dup"	100	43.0894537090282
20	60405001	60405301	"del"	300	2.36165244847716
20	60447601	60447701	"del"	100	2.16349698160001
20	60452301	60452401	"del"	100	1.09937838181141
20	60468001	60468401	"del"	400	2.71952799121844
20	60476201	60476301	"del"	100	2.61673230194492
20	60479001	60479301	"del"	300	2.75762740172713
20	60505901	60506101	"del"	200	2.55231985954005
20	60511201	60511501	"del"	300	2.64508650519031
20	60542201	60542901	"del"	700	2.59092356687898
20	60553301	60553801	"del"	500	1.11072596262986
20	60554501	60555401	"del"	900	2.62935978053655
20	60559901	60560101	"del"	200	1.29903857705765
20	60570701	60570801	"del"	100	0.677684914654775
20	60581601	60581701	"del"	100	1.71691729500869
20	60594901	60595001	"del"	100	1.56116636087248
20	60596501	60597001	"del"	500	2.77854430379747
20	60633201	60633701	"del"	500	2.72974478658799
20	60639301	60641501	"del"	2200	2.0531847133758
20	60686601	60687101	"del"	500	2.47549760752963
20	60735301	60735401	"del"	100	2.38962162162162
20	60736601	60736801	"del"	200	2.60801630067252
20	60738501	60738701	"del"	200	1.95541315938586
20	60747801	60747901	"del"	100	1.74345048841922
20	60781901	60782101	"del"	200	2.70345476600217
20	60783401	60783501	"del"	100	1.34334320835598
20	60787601	60788701	"del"	1100	2.59123794212219
20	60790101	60790201	"del"	100	2.27040550114537
20	60826001	60826201	"del"	200	2.37823198672494
20	60863301	60863601	"del"	300	2.30619677875121
20	60865401	60865501	"del"	100	2.36745303867403
20	60866801	60866901	"del"	100	2.47829151094501
20	60877301	60878501	"del"	1200	1.99533617929562
20	60882501	60882801	"del"	300	2.39143776824034
20	60885501	60888201	"del"	2700	2.80633435911617
20	60888901	60889201	"del"	300	2.30295917290417
20	60889901	60890001	"del"	100	1.64574952687166
20	60891901	60892401	"del"	500	2.74566387172428
20	60892901	60894001	"del"	1100	2.74444326617179
20	60895501	60895701	"del"	200	1.55301578195231
20	60896201	60898901	"del"	2700	0.860179498492051
20	60904201	60904401	"del"	200	2.59372815776484
20	60904801	60905001	"del"	200	2.11623261629681
20	60905801	60906301	"del"	500	2.4883853606028
20	60910801	60911101	"del"	300	2.33493046955514
20	60924701	60925001	"del"	300	2.7972638200046
20	60926801	60927401	"del"	600	2.61726587728741
20	60928801	60929201	"del"	400	2.35557628979144
20	60932401	60932501	"del"	100	1.91491395936329
20	60933301	60933501	"del"	200	2.52919128525922
20	60934401	60935901	"del"	1500	2.25664521787665
20	60939801	60939901	"del"	100	1.3528488087176
20	60944001	60944301	"del"	300	1.26517508712114
20	60947201	60947501	"del"	300	1.78693893217144
20	60950101	60950301	"del"	200	1.98202498337567
20	60961601	60962301	"del"	700	1.71439450026441
20	60969801	60970101	"del"	300	2.14265877829532
20	60997601	60997701	"del"	100	0.674661683457914
20	61021101	61021401	"del"	300	0.739513812154696
20	61026601	61027101	"del"	500	1.90866533825282
20	61033701	61034301	"del"	600	2.73144539614561
20	61038201	61038401	"del"	200	1.53818207466267
20	61040001	61040401	"del"	400	2.66868506237987
20	61049301	61049401	"del"	100	0.371725597615615
20	61050001	61051801	"del"	1800	2.7228757276604
20	61052301	61052501	"del"	200	1.78214658195733
20	61055101	61055201	"del"	100	0.502985153764581
20	61067901	61068001	"del"	100	2.80005650994575
20	61072601	61073901	"del"	1300	0.652638815441565
20	61081701	61081901	"del"	200	2.60869017601966
20	61083001	61083201	"del"	200	2.63115478199031
20	61091401	61141301	"del"	49900	1.26178551375632
20	61144401	61144601	"del"	200	1.68120303520146
20	61147201	61148901	"del"	1700	2.73594124047878
20	61149401	61149801	"del"	400	1.48746777638525
20	61150501	61150701	"del"	200	2.1088366552874
20	61151601	61151801	"del"	200	1.26117290263171
20	61157401	61157501	"del"	100	2.14586361595844
20	61161901	61162201	"del"	300	2.01378831543936
20	61163901	61164201	"del"	300	2.78580166006144
20	61178501	61179401	"del"	900	2.77267211201867
20	61193101	61193301	"del"	200	2.5907717517486
20	61207201	61207401	"del"	200	2.4545903497013
20	61213401	61263301	"del"	49900	2.00964994165694
20	61273401	61274501	"del"	1100	1.48927659574468
20	61283201	61283401	"del"	200	1.98329761690571
20	61289901	61290201	"del"	300	0.880681604435177
20	61294101	61294201	"del"	100	1.04928855212404
20	61297001	61297401	"del"	400	2.37701542284057
20	61300201	61300401	"del"	200	2.49721524453348
20	61316301	61316601	"del"	300	2.72338792637273
20	61320501	61320801	"del"	300	1.38054541609949
20	61328101	61328201	"del"	100	1.10367951163008
20	61339701	61341101	"del"	1400	2.56320634920635
20	61349801	61349901	"del"	100	1.82029799621426
20	61369001	61369301	"del"	300	2.70330835405183
20	61374801	61375101	"del"	300	2.75108114625794
20	61410401	61410601	"del"	200	2.80652998221151
20	61416601	61416801	"del"	200	0.407247236271444
20	61425601	61425901	"del"	300	0.415443561714581
20	61427701	61428301	"del"	600	1.17273326015368
20	61447901	61449001	"del"	1100	2.21740232312566
20	61455401	61455601	"del"	200	1.62909589523739
20	61461601	61462301	"del"	700	2.53226114649682
20	61492101	61493401	"del"	1300	2.49580233793836
20	61506501	61506901	"del"	400	2.5772439281943
20	61508501	61508701	"del"	200	1.37560421615543
20	61512301	61512601	"del"	300	2.02289334741288
20	61557201	61558101	"del"	900	2.04431282346176
20	61560501	61560901	"del"	400	2.79303260869565
20	61583901	61584301	"del"	400	1.27673015873016
20	61592501	61592701	"del"	200	2.17016347831449
20	61597501	61597701	"del"	200	0.363659439450026
20	61604001	61604901	"del"	900	2.1323152173913
20	61606601	61606701	"del"	100	1.67011842822542
20	61617901	61618001	"del"	100	1.23436770681566
20	61636301	61638901	"del"	2600	2.39359336297294
20	61640601	61641301	"del"	700	2.65116865952769
20	61648501	61648801	"del"	300	2.10087567567568
20	61650501	61650801	"del"	300	1.72007477236485
20	61655401	61655801	"del"	400	2.46713980789755
20	61660001	61660801	"del"	800	1.93344476501669
20	61665001	61665201	"del"	200	2.00006689101361
20	61674701	61674901	"del"	200	2.49488732951887
20	61675401	61675601	"del"	200	1.71432428096818
20	61687201	61688101	"del"	900	2.70939682539683
20	61724701	61725501	"del"	800	0.00693785310734463
20	61733001	61734301	"del"	1300	2.24562734752641
20	61765801	61766901	"del"	1100	1.87574353448276
20	61783001	61783201	"del"	200	2.11570049172269
20	61784201	61784301	"del"	100	1.63572298255506
20	61785801	61786101	"del"	300	1.53058709475079
20	61788301	61788401	"del"	100	1.30278342718894
20	61798801	61799101	"del"	300	2.64824333176684
20	61806301	61806901	"del"	600	1.54163066954644
20	61808101	61810901	"del"	2800	2.74444326617179
20	61847101	61848001	"del"	900	1.72259298618491
20	61867401	61867701	"del"	300	2.76886186258877
20	61870601	61870901	"del"	300	1.01673421518814
20	61871901	61872001	"del"	100	1.82953940224553
20	61874101	61874301	"del"	200	2.80386874707807
20	61876701	61876901	"del"	200	2.46633316044377
20	61878901	61879101	"del"	200	1.65695268054295
20	61898001	61898301	"del"	300	1.50407211028632
20	61903401	61904701	"del"	1300	2.32083215897537
20	61913401	61913601	"del"	200	1.89586855625966
20	61914501	61914601	"del"	100	2.35410352187834
20	61919101	61919301	"del"	200	1.23731708673607
20	61922601	61922801	"del"	200	1.17081062002143
20	61928601	61928801	"del"	200	1.96992827641669
20	61938301	61938701	"del"	400	1.26852628259276
20	61942801	61943201	"del"	400	1.94521551724138
20	61945001	61945201	"del"	200	1.82981811876062
20	61946001	61946301	"del"	300	2.38259471751165
20	61947401	61947701	"del"	300	1.3642521628998
20	61951301	61951501	"del"	200	2.02204465275231
20	61956701	61956901	"del"	200	2.46443083333833
20	61973901	61974101	"del"	200	2.74791034132343
20	61974701	61975001	"del"	300	2.06999313509952
20	61978001	61979001	"del"	1000	1.93036944948219
20	61980201	61981601	"del"	1400	2.66630965005302
20	61983801	61985301	"del"	1500	2.37064036733948
20	61987401	61987601	"del"	200	0.566133832235924
20	61991101	61991201	"del"	100	0.783301348351113
20	62003601	62003701	"del"	100	1.68064184897371
20	62012001	62012201	"del"	200	2.56992917765031
20	62013201	62013401	"del"	200	2.33732616124332
20	62015401	62015501	"del"	100	2.0132154419136
20	62024601	62024701	"del"	100	0.648676731494506
20	62026901	62027201	"del"	300	2.78789189189189
20	62030301	62030501	"del"	200	2.46322565449739
20	62032101	62032301	"del"	200	0.696054118959239
20	62037401	62038501	"del"	1100	2.65802358225716
20	62039501	62039901	"del"	400	1.40585314874969
20	62046401	62046901	"del"	500	2.09794988610478
20	62049101	62049701	"del"	600	2.58875675675676
20	62071701	62071801	"del"	100	2.02970184337498
20	62081301	62081801	"del"	500	1.19022707500304
20	62084201	62084601	"del"	400	1.73422340425532
20	62085501	62085701	"del"	200	0.996890893659215
20	62088101	62088301	"del"	200	2.55865611200423
20	62102601	62104301	"del"	1700	0.815572354211663
20	62110601	62110801	"del"	200	2.48646603295317
20	62113701	62113801	"del"	100	2.80661847792111
20	62115401	62115701	"del"	300	2.17663881199154
20	62119101	62120001	"del"	900	1.88973030142782
20	62126001	62126501	"del"	500	2.54537974683544
20	62129401	62130801	"del"	1400	2.46188498402556
20	62133201	62133401	"del"	200	1.12747825439332
20	62134201	62134501	"del"	300	1.97692570799628
20	62138701	62139001	"del"	300	2.54908055473813
20	62150501	62150601	"del"	100	2.22047949904766
20	62154301	62154401	"del"	100	2.58697872965509
20	62162701	62162901	"del"	200	2.40176743036399
20	62165401	62166601	"del"	1200	2.78488120950324
20	62167101	62167501	"del"	400	0.960191489361702
20	62171901	62172201	"del"	300	1.49617125891401
20	62177901	62178101	"del"	200	2.72124134617423
20	62180501	62180601	"del"	100	0.966278657713534
20	62187301	62187501	"del"	200	2.28261204684072
20	62191301	62191501	"del"	200	1.80756161030432
20	62192101	62192201	"del"	100	2.33978575757887
20	62196501	62197701	"del"	1200	2.06933544303797
20	62199901	62200001	"del"	100	0.36228554388619
20	62200001	62200901	"del"	900	2.21878087740838
20	62206501	62206601	"del"	100	2.53640374665787
20	62226801	62227201	"del"	400	2.60282608695652
20	62240801	62241101	"del"	300	2.19192102454643
20	62267601	62268001	"del"	400	2.01592274678112
20	62272001	62274001	"del"	2000	2.63569114470842
20	62278901	62279501	"del"	600	2.69822316234796
20	62281201	62282201	"del"	1000	2.62168253968254
20	62283401	62285101	"del"	1700	1.97496815286624
20	62289001	62289201	"del"	200	2.58795021813797
20	62295601	62296001	"del"	400	2.31734185653614
20	62301201	62301501	"del"	300	1.90003060081195
20	62309101	62309201	"del"	100	1.98684638869444
20	62318801	62319001	"del"	200	2.5750644492759
20	62321801	62322501	"del"	700	2.02979601686797
20	62327901	62328501	"del"	600	1.92767441860465
20	62338701	62339901	"del"	1200	2.74985729967069
20	62366901	62367101	"del"	200	2.0819393211667
20	62368801	62369701	"del"	900	1.33693548387097
20	62370201	62372601	"del"	2400	2.52645901639344
20	62382801	62384201	"del"	1400	2.16254554389413
20	62389201	62389501	"del"	300	2.58529327098926
20	62405901	62406701	"del"	800	2.36687096774194
20	62412301	62412401	"del"	100	2.52942287950399
20	62424301	62424401	"del"	100	1.67592878445676
20	62427601	62427701	"del"	100	2.37950694775193
20	62431901	62432001	"del"	100	1.01056479807113
20	62434801	62434901	"del"	100	2.38607645315578
20	62445601	62445901	"del"	300	2.64308864470596
20	62447201	62447601	"del"	400	2.49193734080929
20	62456001	62456201	"del"	200	1.65783651348129
20	62495601	62495701	"del"	100	2.28900294850644
20	62506501	62506601	"del"	100	2.32609173171237
20	62526301	62526901	"del"	600	0.0629889133177314
20	62533401	62533601	"del"	200	2.18038731708699
20	62550801	62551401	"del"	600	0.982132752992383
20	62560901	62561001	"del"	100	1.22707956150302
20	62562501	62562601	"del"	100	2.01964978448276
20	62569901	62570701	"del"	800	1.58860317460317
20	62573101	62573701	"del"	600	2.46731672101998
20	62577701	62577901	"del"	200	1.19645283108312
20	62583001	62583101	"del"	100	2.45428445763482
20	62583601	62583701	"del"	100	1.30220251864937
20	62586901	62588501	"del"	1600	2.3000215285253
20	62591801	62592201	"del"	400	2.32312963206887
20	62593801	62594901	"del"	1100	1.96129527991218
20	62610001	62611101	"del"	1100	2.37274576271186
20	62643401	62643601	"del"	200	0.00703321878579611
20	62648401	62648901	"del"	500	2.65151581243184
20	62669301	62670501	"del"	1200	1.8043272335845
20	62673801	62674501	"del"	700	2.2424347826087
20	62679401	62681201	"del"	1800	2.69822316234796
20	62687101	62687301	"del"	200	1.61834388480951
20	62704901	62705101	"del"	200	1.33382695356845
20	62705701	62706001	"del"	300	2.69174929427874
20	62714801	62715601	"del"	800	2.47049356223176
20	62716201	62716401	"del"	200	0.779073737289657
20	62719901	62720101	"dup"	200	44.994076433121
20	62722201	62722401	"del"	200	0.352985232067511
20	62724701	62726801	"del"	2100	2.48078227583674
20	62733401	62734201	"del"	800	1.90135406272274
20	62736001	62736201	"del"	200	2.08066527376402
20	62736901	62737301	"del"	400	2.17336507936508
20	62740601	62740801	"del"	200	1.37410959083561
20	62749001	62750501	"del"	1500	2.16010501750292
20	62757301	62757701	"dup"	400	32.0934739653214
20	62758501	62758901	"del"	400	0.774480410752855
20	62761401	62761501	"del"	100	2.38482238441414
20	62763201	62764701	"del"	1500	2.39182112068966
20	62785401	62785601	"del"	200	2.69203498404065
20	62787301	62787501	"del"	200	2.62300684123614
20	62789301	62790201	"del"	900	1.4424126984127
20	62802101	62802201	"del"	100	2.46772306639906
20	62805801	62805901	"del"	100	2.24462295081967
20	62809801	62810001	"dup"	200	35.2042088266954
20	62843501	62843601	"del"	100	0.900759504197139
20	62864501	62864701	"del"	200	1.17328533780517
20	62917401	62918401	"del"	1000	2.80609357997824
20	62924201	62924301	"del"	100	1.60170708919782
20	62927301	62927701	"del"	400	2.78141249713543
20	62929401	62929701	"del"	300	2.12602677678331
20	62935801	62936501	"del"	700	2.57724416531622
20	62947701	62948401	"del"	700	2.42014598540146
