"Chromosome"	"Start"	"End"	"Type"	"Length"	"Intensity"
20	501	59901	"del"	59400	0.226076696165192
20	230101	230501	"del"	400	1.13490187934521
20	254201	254601	"del"	400	1.06758655699676
20	259401	260101	"del"	700	0.490689990886908
20	278001	278701	"del"	700	0.954884319189356
20	296001	296401	"del"	400	1.07108033461552
20	305901	306901	"del"	1000	0.000903432666918144
20	347501	347801	"del"	300	0.985596930485473
20	361401	362101	"del"	700	0.869236395868347
20	388501	389301	"del"	800	0.796644523308093
20	400901	401401	"del"	500	0.875278566388322
20	442501	443301	"del"	800	0.281713175431022
20	537601	537901	"del"	300	0.269010226768676
20	552401	552601	"del"	200	0.960896967323674
20	590401	591001	"del"	600	0.447314850073962
20	622401	623301	"del"	900	0.140335543050884
20	655801	656501	"del"	700	0.779838833306622
20	690301	691201	"del"	900	1.2076096300094
20	708101	708801	"del"	700	1.0470946346477
20	732001	732201	"del"	200	0.753618294832818
20	761001	761201	"del"	200	1.03916087548066
20	799701	800001	"del"	300	0.555631612922339
20	800001	800101	"del"	100	0.628622559652928
20	982701	983201	"del"	500	0.908942814991237
20	1017301	1017501	"del"	200	0.857307061942391
20	1155201	1155401	"del"	200	0.984199703340918
20	1165501	1166501	"del"	1000	0.910981595092025
20	1177701	1178101	"del"	400	0.314954454930424
20	1206301	1206801	"del"	500	0.384013413420643
20	1246701	1247301	"del"	600	1.13783363738707
20	1289301	1289501	"del"	200	0.522804448709652
20	1373201	1373701	"del"	500	0.558952060774752
20	1561301	1587701	"del"	26400	1.30992896985258
20	1589601	1594001	"del"	4400	1.10689161554192
20	1795101	1795701	"del"	600	1.01643705936512
20	1830401	1830701	"del"	300	0.836009057887719
20	1874901	1876401	"del"	1500	0.130186521609969
20	1951901	1952201	"del"	300	0.638598548179271
20	2073301	2073501	"del"	200	0.63395109732477
20	2082501	2082801	"del"	300	0.200016268980477
20	2414801	2415101	"del"	300	0.926075982878702
20	2498101	2498601	"del"	500	1.1374062759434
20	2505201	2506101	"del"	900	1.18915290423204
20	2507401	2507801	"del"	400	0.355481508159261
20	2588501	2589001	"del"	500	1.10498044971829
20	2627701	2627801	"del"	100	1.15068307804522
20	2629201	2629601	"del"	400	1.10652842766965
20	2632401	2633701	"del"	1300	1.31148410987391
20	2673001	2674001	"del"	1000	0.804958506224066
20	2732201	2733201	"del"	1000	0.708892473184757
20	2745601	2746001	"del"	400	0.839562052952601
20	2799001	2799201	"del"	200	1.10908147997296
20	2801301	2802201	"del"	900	0.977095484070595
20	2803201	2805701	"del"	2500	0.726667124858606
20	2813001	2813301	"del"	300	0.93677052833633
20	2853901	2854301	"del"	400	0.403632988923428
20	2864001	2864201	"del"	200	0.437630264097074
20	2890201	2891201	"del"	1000	0.156294341000365
20	2999301	3000001	"del"	700	0.705680303689742
20	3037601	3038101	"del"	500	0.954116874507495
20	3044001	3044401	"del"	400	0.846752654386671
20	3063201	3063801	"del"	600	0.662098590641216
20	3073601	3074101	"del"	500	0.852343541318766
20	3078801	3079201	"del"	400	1.12072966375513
20	3145201	3145501	"del"	300	0.771097821974919
20	3153601	3154401	"del"	800	1.10091353844285
20	3168001	3168301	"del"	300	1.01023557111596
20	3195001	3195301	"del"	300	0.956670722604641
20	3208401	3208801	"del"	400	0.292868678275664
20	3209601	3210501	"del"	900	1.2931037689301
20	3219601	3220501	"del"	900	1.30862454981993
20	3281101	3281401	"del"	300	0.346125139527784
20	3282501	3282801	"del"	300	0.534176995951755
20	3333501	3333701	"del"	200	1.00854317084446
20	3337901	3338801	"del"	900	1.1263724535947
20	3388001	3388801	"del"	800	0.504640614050572
20	3403501	3404001	"del"	500	0.725941116088885
20	3421601	3422301	"del"	700	0.942127081683136
20	3518201	3518701	"del"	500	0.851383385328352
20	3641301	3641901	"del"	600	1.0448424466889
20	3712801	3713401	"del"	600	0.819030813129823
20	3715101	3715501	"del"	400	1.13842140955988
20	3767101	3767601	"del"	500	0.299098761948274
20	3773901	3774301	"del"	400	1.0978129883658
20	3776701	3777401	"del"	700	0.885610752722777
20	3789801	3790301	"del"	500	1.06790646461302
20	3795001	3795401	"del"	400	0.617600277768011
20	3823401	3823801	"del"	400	1.11719079758744
20	3824701	3825001	"del"	300	0.920590727983935
20	3988801	3989201	"del"	400	0.359042709337173
20	3995901	3996301	"del"	400	0.766585769089914
20	4095601	4095901	"del"	300	0.637473988204526
20	4129401	4130201	"del"	800	0.855240397099911
20	4152901	4153401	"del"	500	0.748973704861612
20	4197101	4197401	"del"	300	1.08944959945527
20	4369701	4370001	"dup"	300	104.402379433838
20	4434201	4434601	"del"	400	0.667272136434508
20	4463001	4463301	"del"	300	1.03150732839768
20	4593601	4594101	"del"	500	0.849640217021291
20	4636301	4636701	"del"	400	0.838474058444957
20	4667001	4667901	"del"	900	0.583977651628799
20	4981601	4982301	"del"	700	0.630546334133215
20	5008301	5008801	"del"	500	0.94075310771936
20	5031101	5031601	"del"	500	1.09499941350946
20	5418101	5418401	"del"	300	0.86743534374979
20	5534601	5534801	"del"	200	0
20	5591301	5591701	"del"	400	0.48812654318374
20	5653101	5653601	"del"	500	0.728984390013226
20	5681801	5682701	"del"	900	1.2261925371117
20	5744501	5744801	"del"	300	0.264909948966839
20	5899201	5899501	"del"	300	0.683942885771543
20	5906501	5907101	"del"	600	0.78639668779196
20	5943001	5943201	"del"	200	0.595091649694501
20	6151001	6151201	"del"	200	0.436666666666667
20	6193701	6194101	"del"	400	1.01245189492872
20	6246201	6246801	"del"	600	0.88789219083323
20	6251001	6251301	"del"	300	0.52164571147029
20	6266901	6267201	"del"	300	0.870225954877318
20	6297401	6297901	"del"	500	1.01307605922323
20	6299001	6299401	"del"	400	0.834063335652049
20	6303801	6304101	"del"	300	1.02646026065997
20	6307801	6308301	"del"	500	0.750941212484143
20	6443001	6443501	"del"	500	0.331844798494732
20	6515401	6515701	"del"	300	0.718053704652725
20	6606901	6607201	"del"	300	1.06274400476515
20	6748101	6748601	"del"	500	0.344198835761123
20	6928001	6928601	"del"	600	1.01953992452278
20	7065601	7066001	"del"	400	0.704529166666667
20	7105201	7105401	"del"	200	0.161605937921727
20	7274301	7274601	"del"	300	0.901317670547472
20	7400401	7401501	"del"	1100	1.09742799010663
20	7410401	7410701	"del"	300	0.708978738200087
20	7416001	7416901	"del"	900	1.21584245076586
20	7505801	7506301	"del"	500	1.04327462916069
20	7507301	7507501	"del"	200	0.131070873089796
20	7543701	7544001	"del"	300	0.566375664887399
20	7694901	7695201	"del"	300	0.63068901663697
20	7765801	7766201	"del"	400	1.08817839910074
20	7784201	7784601	"del"	400	0.868855176310806
20	7998901	7999201	"del"	300	0.308821481650676
20	8024801	8025001	"del"	200	0.0593946024799417
20	8055001	8055301	"del"	300	0.85890993032175
20	8112801	8113401	"del"	600	0.362378021033922
20	8209701	8210001	"del"	300	0.964991686192518
20	8372201	8372501	"del"	300	0.98875625984516
20	8642601	8643201	"del"	600	0.0718364424286399
20	8713101	8713501	"del"	400	0.641918018802149
20	8714201	8714801	"del"	600	0.954919981905769
20	8800601	8800901	"del"	300	0.684118390238753
20	8801901	8802201	"del"	300	0.725361286185237
20	8855801	8856101	"del"	300	0.828533410553665
20	8996501	8996801	"dup"	300	16.5918405609305
20	9045601	9045901	"del"	300	0.6420541545923
20	9048801	9049501	"del"	700	0.863857685918172
20	9158801	9159301	"del"	500	0.48391100637359
20	9538501	9538801	"del"	300	1.00936988911546
20	9746801	9747101	"del"	300	0.611209923900814
20	9819501	9820101	"del"	600	1.00114543640033
20	10015501	10015801	"del"	300	0.705885364001327
20	10102201	10102401	"del"	200	1.04544202410898
20	10198701	10199301	"del"	600	1.01
20	10217301	10217601	"del"	300	1.15010641739381
20	10282401	10282801	"del"	400	0.759817339734985
20	10375501	10375901	"del"	400	0.670222599001994
20	10488501	10488701	"del"	200	1.09119510051499
20	10493001	10493401	"del"	400	1.11746419817143
20	10653901	10655501	"del"	1600	0.634514531614132
20	10783301	10783601	"del"	300	0.510091277890467
20	10938001	10938201	"del"	200	0.882152160472456
20	10958201	10958701	"del"	500	0.716760836340144
20	11002001	11002201	"del"	200	0.603771062669509
20	11066101	11066501	"del"	400	0.976685534103299
20	11378301	11378701	"del"	400	0.139810894141829
20	11475401	11475601	"del"	200	0.623271418712413
20	11517301	11517501	"del"	200	0.211272595806218
20	11595901	11596201	"del"	300	0.968700492098769
20	11614401	11614501	"dup"	100	26.8663512951747
20	11630001	11630601	"del"	600	0.503784767377213
20	11840301	11840501	"del"	200	1.04311585120165
20	11871401	11872001	"del"	600	0.572617208456728
20	12003201	12003401	"del"	200	1.09300751891569
20	12025601	12026101	"del"	500	0.697280424138452
20	12090101	12090401	"del"	300	1.01809766043889
20	12341801	12342201	"dup"	400	27.8877914110429
20	12374401	12374901	"del"	500	0.170951317680099
20	12538901	12539401	"del"	500	0.698708096500065
20	12682401	12682501	"del"	100	0.332070914696814
20	12911801	12912001	"del"	200	0.517413799916577
20	12919701	12920101	"del"	400	0.544082108426193
20	12940601	12940901	"del"	300	0.784716826636121
20	13040801	13041201	"del"	400	1.0847454322208
20	13109301	13109501	"del"	200	0.704474961194381
20	13201501	13202501	"del"	1000	1.08863636363636
20	13543401	13543701	"del"	300	1.11285407122582
20	13741001	13741401	"del"	400	0.590498187272393
20	13914801	13915101	"del"	300	0.832386307270591
20	13917901	13918101	"del"	200	0.878712710802831
20	13961601	13961901	"del"	300	0.801637801657112
20	13976101	13976701	"del"	600	0.987854221655402
20	13985201	13985501	"del"	300	0.877946578812081
20	14027401	14027701	"del"	300	1.11603154905453
20	14081001	14081501	"del"	500	0.885798331695571
20	14123301	14123501	"del"	200	0.911252692281002
20	14236101	14236301	"del"	200	0.812155660849364
20	14466201	14466401	"del"	200	0.712554404060649
20	14496601	14496801	"del"	200	0.56315297261189
20	14553401	14553701	"del"	300	0.702881324807497
20	14580901	14581101	"del"	200	0.216215277777778
20	14626301	14626701	"del"	400	0.989431067706751
20	14683001	14683701	"del"	700	1.06598387268441
20	14826901	14827501	"del"	600	1.00559221579954
20	14842601	14843401	"del"	800	1.03879518072289
20	14855001	14855601	"del"	600	0.274401887703175
20	14935101	14936101	"del"	1000	0.10858463643204
20	15017401	15017601	"del"	200	1.11108813060374
20	15318701	15320101	"del"	1400	1.29823028945856
20	15340101	15340401	"del"	300	0.412447101111517
20	15382401	15382701	"del"	300	0.856977008540608
20	15539001	15539101	"del"	100	0.973329174327992
20	15711501	15712501	"del"	1000	0.72545643153527
20	15752301	15752901	"del"	600	0.853512829622526
20	15774201	15774701	"del"	500	0.945712967424761
20	15799901	15800001	"del"	100	0.189604166666667
20	15800001	15800201	"del"	200	0.77236664883974
20	15916901	15917101	"del"	200	0.651425600554498
20	16015501	16015801	"del"	300	0.675577521840797
20	16129701	16129901	"del"	200	0.342074971655329
20	16207501	16208501	"del"	1000	1.08887709033952
20	16269201	16269301	"dup"	100	18.3509016109511
20	16275801	16276301	"del"	500	1.1219685246345
20	16375801	16376001	"del"	200	0.279185639000315
20	16390501	16390701	"del"	200	0.806954808658616
20	16391601	16391701	"dup"	100	15.7016597510373
20	16557101	16557701	"del"	600	0.936983136835273
20	16653401	16653901	"del"	500	0.889888150037986
20	16706201	16706701	"del"	500	0.796817486851722
20	17144901	17145601	"del"	700	0.998059330695796
20	17207301	17207701	"del"	400	0.82069493117084
20	17279701	17279901	"del"	200	1.15433316245932
20	17283701	17284701	"del"	1000	1.08730061349693
20	17470001	17470201	"del"	200	0.626729090372736
20	17511501	17512001	"del"	500	0.7988295821647
20	17549601	17550401	"del"	800	0.580981811360254
20	17661801	17663201	"del"	1400	1.33
20	17708301	17708801	"del"	500	1.02913149512716
20	17714401	17714601	"del"	200	0.822492947242289
20	17759501	17760001	"del"	500	0.943383137231378
20	17787601	17788101	"del"	500	1.11572739261843
20	17814601	17815101	"del"	500	0.978183395631011
20	17864501	17864901	"del"	400	1.13129944704484
20	17889501	17889801	"del"	300	0.832474437627812
20	17904001	17904301	"del"	300	0.825569781506625
20	17990801	17991201	"del"	400	0.640531785175235
20	18049701	18050201	"del"	500	1.06566543073339
20	18087301	18087701	"del"	400	0.961635002415157
20	18092501	18093101	"del"	600	0.556761237914835
20	18194501	18195001	"del"	500	0.972175418806329
20	18252201	18252401	"del"	200	0.927694700347537
20	18466601	18466801	"del"	200	0.569501239840198
20	18472001	18472201	"dup"	200	15.8587792921161
20	18568401	18569001	"del"	600	1.10504201246901
20	18688801	18689201	"del"	400	0
20	18879301	18879801	"del"	500	0.388635584524266
20	18930501	18930801	"del"	300	0.678798203330412
20	18933901	18934201	"dup"	300	25.4432388663968
20	18983801	18984201	"del"	400	0.284587908497456
20	19068901	19069201	"dup"	300	45.7971857134184
20	19236501	19236601	"del"	100	0.654350749428402
20	19294601	19295101	"del"	500	0.735633751579293
20	19326701	19327101	"del"	400	1.09236500258909
20	19399101	19399301	"del"	200	0.942182088678601
20	19631801	19632101	"del"	300	0.969782342436067
20	19658901	19659501	"del"	600	1.11811437580944
